1 0.140401 0.648488 0.207289 0.294508
1 0.270474 0.789562 0.212992 0.237652
1 0.599699 0.411703 0.201722 0.260268
1 0.464743 0.505839 0.217291 0.303776
1 0.514738 0.262699 0.198439 0.264897
1 0.741439 0.290172 0.222094 0.305334
1 0.791467 0.522421 0.230923 0.3064
1 0.408623 0.10803 0.213681 0.21606
1 0.214653 0.148488 0.191052 0.259126
1 0.0372211 0.813623 0.0744423 0.221479
2 0.681688 0.832162 0.382609 0.335421
1 0.923294 0.631589 0.153411 0.296895
1 0.296295 0.423841 0.256455 0.324
0 0.568476 0.882534 0.13493 0.196486
1 0.152538 0.393068 0.201394 0.262797
