1 0.336092 0.251804 0.19756 0.244823
1 0.548949 0.61896 0.202477 0.297891
1 0.853869 0.805256 0.178451 0.246585
1 0.698154 0.777559 0.168363 0.225078
1 0.349978 0.461938 0.194609 0.245507
1 0.386706 0.680601 0.190634 0.28572
1 0.128125 0.187572 0.196801 0.243451
1 0.0672295 0.652281 0.134459 0.298672
1 0.538723 0.84759 0.181834 0.254042
1 0.234039 0.754974 0.175101 0.231449
1 0.573438 0.412388 0.180579 0.239188
1 0.59821 0.151839 0.202886 0.256906
2 0.833343 0.398831 0.332529 0.575312
1 0.430164 0.099996 0.173525 0.199992
1 0.188863 0.35601 0.148321 0.192395
1 0.773704 0.3046 0.201788 0.287154
