1 0.56744 0.564757 0.189839 0.258023
1 0.38557 0.867575 0.197224 0.260717
1 0.603162 0.881832 0.207033 0.236336
1 0.772275 0.46568 0.253752 0.309586
1 0.298196 0.507965 0.223314 0.265851
1 0.259203 0.741555 0.232433 0.281357
2 0.220873 0.253697 0.352036 0.383222
1 0.932367 0.507003 0.135266 0.273262
1 0.124978 0.592861 0.170383 0.276686
1 0.534543 0.382153 0.183271 0.268633
1 0.797106 0.127967 0.219613 0.255935
1 0.673448 0.699557 0.195001 0.24987
1 0.448447 0.143848 0.198466 0.25133
1 0.416701 0.628619 0.200861 0.307715
1 0.592405 0.224073 0.213828 0.233292
