1 0.861577 0.709448 0.199188 0.276919
1 0.279745 0.378037 0.241352 0.285857
1 0.900877 0.480538 0.197324 0.296249
1 0.738192 0.433491 0.204764 0.266135
1 0.143105 0.265185 0.210464 0.260059
1 0.138799 0.783241 0.205553 0.281643
1 0.503248 0.43958 0.198583 0.255749
1 0.646563 0.283722 0.182 0.245811
1 0.46505 0.23615 0.186834 0.26127
1 0.920471 0.882707 0.158899 0.199485
1 0.710733 0.648199 0.188785 0.240851
1 0.597191 0.833748 0.208841 0.253989
1 0.370693 0.69694 0.239185 0.300174
1 0.95895 0.215984 0.081901 0.389754
1 0.783068 0.145552 0.189233 0.244291
