1 0.381926 0.554017 0.209812 0.263556
1 0.513853 0.419329 0.201936 0.263327
1 0.231054 0.401282 0.250041 0.279222
1 0.108098 0.787052 0.181799 0.221057
2 0.834559 0.435322 0.325566 0.491535
0 0.866044 0.352895 0.129818 0.194276
1 0.692352 0.863056 0.202923 0.258797
1 0.653664 0.403022 0.139515 0.261847
0 0.762012 0.430482 0.114029 0.163813
1 0.172211 0.149954 0.188518 0.296844
1 0.721049 0.153103 0.180383 0.187938
1 0.828535 0.906814 0.209407 0.18115
1 0.962419 0.892639 0.0751617 0.212603
1 0.368673 0.342026 0.187857 0.262631
