1 0.89685 0.247828 0.196672 0.266356
1 0.39508 0.270566 0.19758 0.272266
1 0.67329 0.671421 0.184455 0.262205
1 0.784244 0.810808 0.189237 0.258599
1 0.926807 0.810953 0.146385 0.226668
1 0.156253 0.562502 0.228326 0.334124
1 0.0481019 0.419815 0.0957725 0.255472
1 0.890689 0.669479 0.218621 0.269865
1 0.804241 0.463913 0.211483 0.279619
2 0.464508 0.646269 0.391441 0.503925
1 0.55698 0.163065 0.182162 0.234279
1 0.644277 0.391752 0.204007 0.251796
0 0.123054 0.233373 0.136339 0.148386
1 0.740724 0.112484 0.193906 0.224968
1 0.188193 0.884752 0.24287 0.224426
1 0.715204 0.4807 0.199375 0.252987
1 0.880404 0.0873779 0.161624 0.174756
