1 0.905163 0.217362 0.189675 0.286349
1 0.552462 0.442424 0.175411 0.238491
2 0.400016 0.725238 0.30745 0.370075
1 0.131694 0.617062 0.227011 0.295418
1 0.408332 0.187147 0.197466 0.260162
1 0.277965 0.44247 0.190999 0.248654
1 0.656574 0.341516 0.205004 0.245075
1 0.0593088 0.390542 0.118618 0.277028
1 0.659359 0.537033 0.176371 0.256279
1 0.659111 0.84368 0.146186 0.157757
1 0.250797 0.632003 0.217803 0.237716
1 0.0375798 0.7645 0.0751596 0.228639
1 0.029038 0.579034 0.058076 0.327721
1 0.904824 0.460522 0.143121 0.227736
