1 0.750627 0.539638 0.229851 0.266661
1 0.491401 0.485597 0.195931 0.269591
1 0.708983 0.168645 0.205352 0.279995
1 0.928565 0.443097 0.14287 0.281654
1 0.278253 0.583365 0.253938 0.318183
1 0.561083 0.891499 0.196133 0.216438
1 0.819971 0.292842 0.232575 0.274786
1 0.500033 0.659864 0.198604 0.285499
1 0.0951147 0.539143 0.190215 0.274202
1 0.495002 0.147943 0.211795 0.261181
1 0.211296 0.857505 0.241713 0.281616
1 0.406598 0.344183 0.193846 0.254332
1 0.649367 0.405043 0.210134 0.295733
2 0.80602 0.78697 0.335452 0.37589
