1 0.580117 0.707879 0.202308 0.280573
1 0.472763 0.107218 0.204579 0.214436
2 0.336855 0.668829 0.272583 0.376652
1 0.399299 0.362357 0.197638 0.252451
0 0.388718 0.702069 0.132444 0.165997
0 0.522824 0.398277 0.078583 0.0974888
1 0.754472 0.83672 0.2218 0.255827
1 0.80247 0.514093 0.207515 0.256959
1 0.0646656 0.645155 0.128747 0.283185
0 0.293973 0.570374 0.127001 0.147873
1 0.912161 0.86296 0.160551 0.232076
1 0.155242 0.0938688 0.206383 0.186301
1 0.847778 0.309874 0.203546 0.279429
1 0.0807878 0.264417 0.161576 0.296598
