1 0.343912 0.492934 0.249507 0.321847
1 0.560672 0.554574 0.192639 0.26372
1 0.886178 0.673891 0.223491 0.274697
1 0.793017 0.833055 0.199957 0.272333
1 0.58223 0.88213 0.218557 0.23574
1 0.163881 0.582078 0.203496 0.270944
1 0.809869 0.450031 0.23141 0.266171
2 0.83483 0.195146 0.330341 0.363651
1 0.600314 0.119449 0.18889 0.238898
1 0.56075 0.374878 0.193471 0.278319
1 0.471549 0.715024 0.216118 0.254986
1 0.48036 0.221062 0.215942 0.237801
1 0.955097 0.500984 0.0894938 0.303684
1 0.265039 0.141545 0.228077 0.283091
1 0.716755 0.592806 0.207235 0.307957
