1 0.164528 0.861664 0.212151 0.273933
1 0.657411 0.552153 0.197584 0.283523
1 0.323765 0.790827 0.19036 0.264777
2 0.446167 0.472177 0.353138 0.456515
1 0.90007 0.469718 0.199859 0.261749
1 0.206395 0.191974 0.227056 0.318369
1 0.541313 0.75288 0.206688 0.256507
1 0.154762 0.400093 0.196656 0.254532
0 0.763035 0.141976 0.120623 0.157297
1 0.750845 0.342852 0.171676 0.261324
1 0.10585 0.571751 0.180966 0.260733
1 0.908053 0.661468 0.183894 0.291145
1 0.707119 0.736357 0.216325 0.271099
1 0.427483 0.140556 0.217782 0.266209
1 0.0503188 0.353982 0.100638 0.243552
