1 0.299606 0.881904 0.189781 0.235136
1 0.405535 0.742899 0.18139 0.265098
1 0.669721 0.297798 0.200559 0.275127
1 0.171368 0.35197 0.19381 0.276128
1 0.901009 0.549522 0.197983 0.329253
1 0.149054 0.901861 0.176539 0.191363
1 0.50288 0.211624 0.18356 0.24464
1 0.319171 0.174236 0.199807 0.255074
2 0.647123 0.681355 0.440258 0.498461
1 0.181284 0.775354 0.225484 0.270568
1 0.355345 0.558223 0.198489 0.262001
1 0.271694 0.550392 0.219669 0.280133
1 0.891477 0.88434 0.217047 0.227288
1 0.42384 0.446971 0.202375 0.223722
1 0.931166 0.81068 0.137181 0.274367
0 0.932388 0.22394 0.135224 0.14412
1 0.17718 0.164555 0.160022 0.226025
