1 0.489738 0.505398 0.194386 0.257289
1 0.890217 0.492468 0.201323 0.27329
1 0.707945 0.428789 0.253548 0.317339
1 0.165129 0.65352 0.232068 0.284801
1 0.485319 0.837846 0.208183 0.255045
1 0.275337 0.800688 0.198786 0.27485
1 0.236578 0.422137 0.228787 0.270668
1 0.0693019 0.490864 0.138024 0.294879
1 0.480521 0.322642 0.195062 0.281761
2 0.191441 0.181469 0.352059 0.354868
1 0.583918 0.65104 0.195929 0.252433
1 0.332571 0.552341 0.218632 0.315313
1 0.423981 0.104358 0.193694 0.206846
1 0.777389 0.102599 0.209751 0.20112
1 0.558407 0.164642 0.219057 0.236426
