1 0.679999 0.607832 0.180305 0.262096
1 0.760053 0.775621 0.186068 0.262427
1 0.942887 0.248187 0.114226 0.29256
1 0.906435 0.80613 0.169898 0.207553
2 0.456962 0.517873 0.433639 0.488735
1 0.89098 0.667414 0.215203 0.275086
1 0.206988 0.358867 0.225878 0.325315
1 0.842587 0.430552 0.212574 0.276858
1 0.491721 0.135411 0.199044 0.263496
1 0.164905 0.7306 0.230351 0.314472
1 0.851764 0.088816 0.19167 0.175083
1 0.121721 0.185687 0.116251 0.240656
1 0.757663 0.431443 0.190662 0.25902
1 0.670314 0.0971406 0.170963 0.192415
1 0.957932 0.0933464 0.0841369 0.186693
