1 0.239763 0.6932 0.197429 0.269407
1 0.141975 0.507774 0.228006 0.277465
1 0.689918 0.457176 0.25392 0.325925
1 0.448388 0.794949 0.202196 0.228948
1 0.472879 0.466759 0.195118 0.260059
1 0.866149 0.586282 0.200057 0.257764
1 0.0624856 0.307479 0.124956 0.277948
1 0.5493 0.644935 0.1867 0.242627
1 0.769879 0.138407 0.229067 0.276815
1 0.470583 0.284881 0.186562 0.269832
1 0.213981 0.29908 0.20419 0.251845
1 0.317778 0.470352 0.204339 0.299022
2 0.188243 0.112179 0.356151 0.224357
1 0.0358715 0.744527 0.071743 0.255679
