1 0.339509 0.513616 0.254515 0.322836
1 0.782522 0.766215 0.195927 0.268632
1 0.883066 0.579859 0.223119 0.274633
1 0.557056 0.526877 0.190979 0.253351
1 0.161171 0.633719 0.201125 0.263001
1 0.568924 0.858983 0.210543 0.237642
2 0.833576 0.146849 0.332848 0.293697
1 0.808078 0.37626 0.230194 0.25982
1 0.559184 0.34772 0.189756 0.271285
1 0.60587 0.104193 0.189285 0.208041
1 0.480494 0.211898 0.212758 0.2392
1 0.269307 0.180722 0.227871 0.298943
1 0.466226 0.707179 0.209672 0.247889
1 0.954123 0.377612 0.091754 0.313068
1 0.710511 0.539488 0.203509 0.30314
1 0.976806 0.819619 0.0463509 0.273585
