1 0.569981 0.545841 0.222788 0.279054
1 0.396241 0.4894 0.227565 0.322783
1 0.269688 0.727042 0.252596 0.299443
1 0.701784 0.436676 0.193379 0.254758
1 0.278102 0.25583 0.204929 0.243286
1 0.854619 0.524318 0.182227 0.250771
1 0.893652 0.813436 0.212695 0.269696
1 0.183412 0.51412 0.176204 0.252506
2 0.671267 0.185301 0.390192 0.369386
1 0.66715 0.711613 0.188254 0.234795
1 0.963745 0.851453 0.0724127 0.276353
1 0.892164 0.118393 0.215672 0.236785
1 0.963403 0.132686 0.0731555 0.265371
1 0.0940388 0.719015 0.131772 0.275674
