1 0.548242 0.884503 0.235971 0.229575
0 0.285736 0.555666 0.0825391 0.110293
1 0.92068 0.217143 0.13856 0.249641
1 0.533427 0.657444 0.218855 0.331204
1 0.497173 0.223497 0.214881 0.285651
1 0.730888 0.829978 0.18568 0.269424
1 0.890762 0.737856 0.200503 0.254206
1 0.192535 0.600273 0.177416 0.254987
1 0.394545 0.70517 0.201926 0.268227
1 0.0552325 0.180636 0.110465 0.328499
1 0.108889 0.633343 0.163094 0.296868
1 0.349312 0.382378 0.228 0.303219
0 0.31051 0.339317 0.123427 0.170864
1 0.664434 0.254622 0.226247 0.265597
2 0.348647 0.383673 0.228547 0.300811
