1 0.0973504 0.742593 0.193568 0.319888
1 0.286985 0.868911 0.216152 0.262178
1 0.249181 0.192826 0.185518 0.256605
1 0.615029 0.382065 0.218619 0.270212
1 0.0735998 0.517455 0.146782 0.252402
2 0.340867 0.54459 0.343121 0.459345
1 0.621021 0.781584 0.174235 0.259093
1 0.813571 0.530989 0.215441 0.315017
1 0.456148 0.304186 0.212327 0.268399
1 0.54946 0.541927 0.203865 0.295007
1 0.788352 0.708025 0.222658 0.29022
1 0.0535632 0.312714 0.106574 0.249818
0 0.614817 0.952103 0.112579 0.0927445
1 0.784188 0.299199 0.237876 0.284828
