1 0.737987 0.816517 0.186142 0.256499
1 0.796732 0.402552 0.195173 0.25812
2 0.53589 0.532406 0.34697 0.461492
1 0.694896 0.221365 0.230346 0.329883
1 0.901459 0.850868 0.197082 0.269057
1 0.0947137 0.658061 0.188917 0.266839
0 0.129905 0.305137 0.11673 0.15364
1 0.51343 0.835989 0.216669 0.256406
1 0.4669 0.220364 0.211122 0.262263
1 0.202545 0.494507 0.167312 0.258051
1 0.343517 0.665045 0.192225 0.270961
1 0.342441 0.856928 0.210855 0.275296
1 0.891521 0.553043 0.16583 0.262944
0 0.551502 0.412793 0.122465 0.148406
