1 0.638232 0.388657 0.208465 0.289341
1 0.420865 0.836954 0.181424 0.249893
1 0.361625 0.616002 0.208151 0.261553
1 0.414715 0.433158 0.192067 0.253164
1 0.496416 0.246631 0.185887 0.279203
1 0.15408 0.56201 0.196864 0.253647
1 0.593779 0.86275 0.207754 0.260073
1 0.670944 0.180957 0.186943 0.256632
1 0.936702 0.393711 0.126597 0.248827
1 0.814642 0.329404 0.171307 0.230534
1 0.623021 0.60337 0.183042 0.229662
1 0.36067 0.103411 0.167464 0.206822
0 0.83921 0.625899 0.147589 0.181337
0 0.944082 0.623754 0.109407 0.16514
1 0.242353 0.440531 0.150128 0.197324
2 0.938514 0.668325 0.122127 0.533228
1 0.796988 0.806877 0.197717 0.280873
1 0.164292 0.105573 0.167225 0.211145
