1 0.31204 0.66579 0.204828 0.256526
1 0.374403 0.461766 0.193234 0.246582
1 0.602778 0.358105 0.206615 0.293925
1 0.469786 0.24957 0.183914 0.274576
1 0.104125 0.67117 0.197383 0.253853
1 0.357083 0.867493 0.190294 0.247053
1 0.922922 0.252383 0.154156 0.249155
1 0.530533 0.843669 0.212155 0.269447
1 0.577548 0.573544 0.185437 0.23371
1 0.78676 0.238832 0.171494 0.230143
1 0.140266 0.176934 0.184361 0.297849
1 0.649229 0.132359 0.187157 0.259069
1 0.340167 0.136743 0.176302 0.231215
1 0.792301 0.0739036 0.186052 0.147807
1 0.200454 0.523987 0.155565 0.202095
1 0.954673 0.45226 0.0906433 0.307387
1 0.874725 0.943946 0.154665 0.109088
