1 0.558988 0.672853 0.221761 0.297158
1 0.839325 0.616185 0.207614 0.265147
1 0.761718 0.405883 0.220599 0.265655
1 0.79375 0.881666 0.237184 0.231332
1 0.932147 0.813875 0.135705 0.294804
2 0.516694 0.350362 0.334675 0.435181
1 0.886608 0.23378 0.179272 0.275297
1 0.719539 0.179462 0.234393 0.299675
1 0.315087 0.724657 0.233334 0.267601
1 0.153834 0.192012 0.157276 0.298746
1 0.964769 0.52793 0.0702799 0.300634
1 0.581939 0.8928 0.215752 0.210851
0 0.893009 0.466031 0.0705185 0.0864548
1 0.299587 0.114657 0.228723 0.229314
