1 0.519193 0.23341 0.185208 0.276765
1 0.837084 0.652999 0.192394 0.247652
1 0.630363 0.642153 0.203935 0.244043
1 0.561832 0.838506 0.185455 0.244714
1 0.368779 0.330295 0.202046 0.286555
1 0.20161 0.210422 0.175401 0.219704
1 0.391431 0.811217 0.198559 0.255709
1 0.847938 0.165238 0.163726 0.284142
1 0.0703169 0.221291 0.13999 0.255429
1 0.587872 0.442836 0.196034 0.251442
1 0.347233 0.118702 0.180689 0.237403
0 0.156049 0.496047 0.146106 0.176314
1 0.377038 0.547275 0.184533 0.237139
1 0.660093 0.12293 0.171997 0.234841
1 0.191416 0.69684 0.203316 0.287187
0 0.0532354 0.479506 0.106471 0.215354
2 0.152795 0.61256 0.286968 0.533395
