1 0.209161 0.2325 0.223181 0.286578
1 0.879124 0.497683 0.202221 0.285146
1 0.491141 0.738657 0.181895 0.221419
1 0.527782 0.441239 0.197142 0.251891
1 0.590498 0.701042 0.173102 0.236722
1 0.718293 0.544921 0.201229 0.242565
1 0.337188 0.137224 0.22815 0.274447
2 0.568079 0.171159 0.316765 0.341432
1 0.385386 0.325805 0.185334 0.24074
1 0.327912 0.54184 0.208913 0.268463
1 0.966673 0.448277 0.0662885 0.304573
1 0.797622 0.363398 0.201688 0.254067
1 0.0675594 0.309949 0.133789 0.266067
1 0.899598 0.73077 0.194417 0.28785
