1 0.842812 0.653228 0.198298 0.258393
0 0.177474 0.623694 0.116554 0.155279
1 0.765662 0.227017 0.195531 0.255365
1 0.515354 0.778311 0.220277 0.276134
1 0.915576 0.230292 0.168847 0.287837
2 0.579524 0.470173 0.342425 0.463034
1 0.747647 0.818518 0.227361 0.337416
1 0.377848 0.298974 0.197187 0.266558
1 0.237897 0.448881 0.162351 0.257506
1 0.540158 0.169197 0.216231 0.25677
1 0.110759 0.259178 0.221518 0.270005
1 0.924448 0.528542 0.151104 0.285671
1 0.364244 0.118189 0.205887 0.236377
1 0.147985 0.111707 0.206266 0.223414
