1 0.209858 0.514831 0.224045 0.337983
1 0.649231 0.853376 0.228994 0.291585
1 0.0928704 0.275331 0.1834 0.254953
1 0.516921 0.713694 0.193454 0.258103
1 0.698519 0.267131 0.176151 0.285099
1 0.734465 0.536458 0.244121 0.30864
1 0.561854 0.48771 0.247787 0.27972
1 0.783654 0.727876 0.187015 0.261026
2 0.458819 0.245111 0.403079 0.490222
1 0.0412129 0.518099 0.0824257 0.316323
1 0.821705 0.158396 0.174239 0.213099
1 0.840578 0.283624 0.156959 0.246032
0 0.583868 0.0685165 0.0796059 0.0988231
1 0.315307 0.908891 0.212025 0.17997
1 0.183571 0.836633 0.191814 0.245702
