1 0.347305 0.774409 0.234885 0.301277
1 0.113293 0.784004 0.218052 0.254646
1 0.856773 0.832037 0.234554 0.293008
1 0.218472 0.367371 0.204254 0.280424
2 0.537229 0.848612 0.300612 0.302587
1 0.50827 0.369619 0.209769 0.246814
1 0.421507 0.487816 0.198277 0.302329
1 0.842335 0.273703 0.212172 0.306375
0 0.18931 0.213787 0.0799429 0.0902147
1 0.680344 0.606179 0.208762 0.254182
1 0.374305 0.237779 0.178628 0.229961
1 0.20815 0.58408 0.200422 0.262328
1 0.0366544 0.893934 0.0732235 0.206749
1 0.603963 0.180978 0.198823 0.23693
1 0.100556 0.489292 0.199481 0.381265
1 0.534351 0.633421 0.196571 0.228143
1 0.883246 0.606927 0.187957 0.280513
