1 0.865214 0.834205 0.230363 0.317328
1 0.403471 0.484916 0.198562 0.283831
1 0.520807 0.276817 0.207434 0.256609
1 0.737397 0.237956 0.184328 0.256759
1 0.155783 0.562693 0.22321 0.275318
1 0.907403 0.620671 0.184958 0.253197
2 0.628061 0.559029 0.340636 0.46369
0 0.305009 0.89369 0.119539 0.155361
1 0.320727 0.695173 0.175311 0.26381
1 0.891516 0.151113 0.201694 0.268165
1 0.647615 0.879286 0.225101 0.241428
1 0.934443 0.45102 0.131115 0.276266
1 0.350011 0.301963 0.205885 0.270457
1 0.14369 0.370718 0.209089 0.297633
