1 0.421443 0.604375 0.191664 0.259121
1 0.669551 0.780656 0.205671 0.278839
1 0.754391 0.575101 0.228953 0.281274
1 0.200004 0.640413 0.255669 0.331442
2 0.661359 0.15931 0.345569 0.318621
1 0.658502 0.396407 0.230429 0.271426
1 0.839509 0.358913 0.161807 0.2741
1 0.405991 0.42501 0.201559 0.279248
1 0.467679 0.898981 0.210842 0.197745
1 0.427847 0.158599 0.192372 0.258025
1 0.312374 0.319341 0.21366 0.261737
1 0.0657626 0.805577 0.131454 0.26268
1 0.575166 0.580937 0.207898 0.291982
1 0.345817 0.802765 0.210453 0.255046
1 0.111296 0.337113 0.22075 0.314168
