1 0.2615 0.883293 0.224671 0.231509
1 0.477302 0.673536 0.216111 0.271923
1 0.249621 0.642859 0.219916 0.321908
1 0.641308 0.23535 0.198465 0.271182
2 0.441411 0.341533 0.349479 0.471513
1 0.163192 0.444408 0.187541 0.241053
0 0.807813 0.622265 0.111616 0.151791
1 0.768186 0.427662 0.163849 0.250693
1 0.0588715 0.507038 0.117306 0.242478
1 0.089407 0.795401 0.178444 0.362027
1 0.0849519 0.289038 0.168443 0.267138
1 0.489472 0.0920172 0.201381 0.184034
1 0.26985 0.0901214 0.181838 0.177733
1 0.4162 0.90443 0.195183 0.175745
