1 0.806788 0.243899 0.202193 0.275252
1 0.288653 0.853665 0.256182 0.286712
1 0.719673 0.571467 0.205679 0.250848
1 0.873875 0.448862 0.20923 0.278239
1 0.109707 0.527857 0.214354 0.282611
1 0.652754 0.770215 0.180878 0.24585
1 0.797236 0.838142 0.188719 0.261004
1 0.344955 0.506317 0.252316 0.288584
1 0.496914 0.69144 0.19509 0.249202
1 0.67509 0.384236 0.185827 0.247806
1 0.481534 0.892434 0.185933 0.214081
1 0.523548 0.468859 0.20235 0.261514
1 0.957364 0.661927 0.0852724 0.385692
1 0.540565 0.249016 0.210319 0.24542
1 0.848086 0.0718076 0.178909 0.14298
