1 0.565815 0.572386 0.19613 0.240156
1 0.594625 0.365064 0.207024 0.2466
1 0.799722 0.326093 0.19411 0.244896
1 0.344939 0.239036 0.196538 0.259351
1 0.510094 0.790401 0.187922 0.283692
1 0.512858 0.182081 0.185031 0.251961
1 0.843385 0.808256 0.158322 0.288084
1 0.655536 0.881163 0.172106 0.227489
1 0.193606 0.852794 0.178489 0.224035
1 0.347878 0.49996 0.179731 0.240688
1 0.346543 0.903723 0.174651 0.18557
1 0.0642895 0.860084 0.128345 0.251825
1 0.353957 0.713191 0.196315 0.292428
2 0.132076 0.370698 0.246331 0.356467
0 0.13212 0.566585 0.138478 0.183007
1 0.732386 0.482871 0.152242 0.200059
0 0.0400005 0.601992 0.080001 0.200226
