1 0.611846 0.16563 0.259279 0.326257
1 0.320297 0.2724 0.189281 0.249685
1 0.921774 0.383338 0.156453 0.246115
1 0.560623 0.620683 0.245768 0.312385
2 0.862701 0.713907 0.274333 0.412865
0 0.896395 0.634766 0.152491 0.183031
0 0.0767351 0.635133 0.0694234 0.0959164
1 0.79671 0.420548 0.18556 0.23354
1 0.455198 0.790327 0.226167 0.28898
0 0.625339 0.417738 0.0750917 0.097383
0 0.984409 0.534046 0.0307983 0.103423
1 0.958707 0.89589 0.082402 0.207421
1 0.77746 0.307775 0.189894 0.237232
0 0.988839 0.532633 0.0223218 0.109986
