1 0.553886 0.384041 0.198714 0.25701
1 0.409149 0.525832 0.209401 0.25906
1 0.831326 0.880206 0.207384 0.239589
1 0.117283 0.775068 0.185309 0.215875
1 0.269622 0.382447 0.244078 0.275522
2 0.854735 0.373442 0.29053 0.511294
1 0.907861 0.693059 0.183788 0.23234
1 0.697557 0.819401 0.195671 0.26587
1 0.695618 0.354529 0.142562 0.257039
0 0.798602 0.378873 0.113043 0.156175
1 0.414379 0.311598 0.187398 0.253851
0 0.913528 0.295742 0.123839 0.180633
1 0.961814 0.862765 0.0761609 0.263053
1 0.228222 0.142437 0.196244 0.284873
