1 0.286265 0.750985 0.195768 0.263042
1 0.412654 0.612488 0.18312 0.264333
1 0.137601 0.753953 0.16685 0.227151
1 0.721031 0.203075 0.197818 0.277159
1 0.186402 0.612015 0.227412 0.266905
1 0.879907 0.850787 0.240185 0.298427
2 0.653959 0.581114 0.438583 0.498079
1 0.217217 0.188198 0.205748 0.266896
1 0.91424 0.490709 0.17152 0.338329
1 0.564788 0.106562 0.174902 0.213124
1 0.301122 0.404408 0.214415 0.279269
1 0.927697 0.7452 0.143936 0.257171
1 0.458058 0.325034 0.200442 0.235732
0 0.957838 0.17381 0.0836811 0.176019
1 0.384971 0.0858047 0.195205 0.169374
1 0.377227 0.424382 0.208518 0.253869
