1 0.435132 0.326555 0.250007 0.309554
1 0.367851 0.769231 0.209659 0.27452
1 0.200976 0.401887 0.225051 0.276231
1 0.942084 0.659137 0.115833 0.297805
1 0.319315 0.556829 0.203445 0.267367
1 0.540593 0.592586 0.202518 0.303693
1 0.650082 0.671146 0.214433 0.255415
1 0.783084 0.386776 0.21473 0.256249
1 0.770923 0.828766 0.194937 0.260696
1 0.887083 0.137297 0.225834 0.274594
2 0.599699 0.176759 0.330085 0.353519
1 0.948401 0.351685 0.103122 0.31673
1 0.632946 0.408837 0.199817 0.231411
1 0.534406 0.861592 0.190102 0.254108
