1 0.238541 0.883849 0.207334 0.232301
1 0.557394 0.449338 0.201958 0.260275
1 0.179613 0.68478 0.184327 0.231365
1 0.686825 0.614154 0.208549 0.270368
2 0.215062 0.381748 0.363368 0.471779
1 0.813511 0.49122 0.189606 0.264415
1 0.937908 0.901775 0.123595 0.193098
1 0.890587 0.263933 0.191556 0.322529
1 0.411572 0.395106 0.138157 0.253665
0 0.304069 0.4016 0.103855 0.160484
1 0.379687 0.848879 0.200846 0.253879
1 0.696749 0.403534 0.173248 0.255502
1 0.293491 0.673498 0.18906 0.237266
0 0.191945 0.280522 0.116512 0.163151
