1 0.238131 0.311438 0.245377 0.280924
1 0.773703 0.715878 0.221384 0.290229
1 0.740463 0.32181 0.191678 0.261613
1 0.435464 0.249591 0.193976 0.263088
1 0.63692 0.581706 0.212832 0.267845
1 0.684753 0.887895 0.199295 0.223404
1 0.427219 0.471557 0.194385 0.24465
1 0.144444 0.122704 0.209169 0.242421
1 0.588836 0.391379 0.190817 0.24827
1 0.0619774 0.638183 0.123505 0.279022
1 0.565455 0.781059 0.18238 0.240798
1 0.0628661 0.373445 0.125732 0.34742
1 0.259514 0.656116 0.269713 0.29645
1 0.416541 0.895914 0.20395 0.206102
1 0.42673 0.694314 0.207964 0.259994
2 0.16873 0.86375 0.336155 0.267904
