1 0.28368 0.286652 0.195789 0.26743
1 0.408165 0.40023 0.180202 0.266829
1 0.5651 0.888009 0.176211 0.223748
1 0.718074 0.764335 0.189971 0.268667
1 0.215258 0.857512 0.210349 0.26674
1 0.45411 0.677998 0.20499 0.234944
2 0.646863 0.386646 0.441453 0.514185
1 0.899296 0.425645 0.201407 0.370463
1 0.132639 0.299648 0.169577 0.243021
1 0.366413 0.595251 0.219713 0.249301
1 0.180191 0.43896 0.231399 0.266497
1 0.292644 0.626499 0.209186 0.293057
0 0.956888 0.762412 0.0862236 0.145083
1 0.390833 0.92713 0.189915 0.141999
1 0.877094 0.121464 0.240698 0.242928
