1 0.594799 0.756916 0.230669 0.310742
1 0.105828 0.60064 0.211656 0.312064
1 0.826425 0.868353 0.222459 0.258217
1 0.781113 0.418492 0.211406 0.294258
1 0.49591 0.296429 0.213147 0.26917
1 0.441714 0.547054 0.202893 0.234806
1 0.565018 0.453454 0.212883 0.292075
1 0.653309 0.227914 0.191836 0.236607
2 0.393589 0.776646 0.303039 0.391127
1 0.76023 0.638612 0.191201 0.272099
1 0.101755 0.348505 0.201585 0.28654
1 0.886879 0.585055 0.225277 0.383429
1 0.300987 0.459154 0.217308 0.280749
1 0.19283 0.112964 0.224661 0.225929
