1 0.524458 0.389542 0.211796 0.290012
1 0.862151 0.441709 0.194445 0.251657
1 0.2365 0.567285 0.209438 0.26008
1 0.388085 0.226927 0.190044 0.281403
1 0.28571 0.797568 0.186698 0.252166
1 0.705009 0.35799 0.181678 0.238955
1 0.566456 0.188233 0.190421 0.256118
1 0.296045 0.393435 0.192866 0.258368
1 0.460843 0.847821 0.209784 0.257721
1 0.062914 0.476322 0.125737 0.262063
1 0.500343 0.594647 0.191476 0.232454
0 0.718137 0.655576 0.150425 0.176831
1 0.666622 0.824733 0.200678 0.277175
1 0.256258 0.0860132 0.168596 0.169311
