1 0.528913 0.707589 0.211767 0.267717
1 0.256858 0.567797 0.199837 0.260091
1 0.58034 0.449974 0.177714 0.248948
1 0.777112 0.324885 0.193145 0.260659
1 0.170475 0.34904 0.204757 0.284217
2 0.38908 0.161181 0.41665 0.322363
1 0.101508 0.545817 0.146963 0.237287
1 0.817259 0.909379 0.203297 0.177319
1 0.748317 0.634103 0.212189 0.278966
1 0.555975 0.246362 0.163096 0.228719
1 0.429105 0.454428 0.171753 0.242503
1 0.8625 0.560363 0.222447 0.290759
1 0.929304 0.50707 0.138387 0.328993
1 0.704953 0.620993 0.219283 0.262558
