1 0.145675 0.788077 0.225117 0.335758
1 0.161668 0.188545 0.193586 0.257079
0 0.709008 0.705227 0.117989 0.156392
2 0.341816 0.468694 0.335651 0.449886
1 0.374193 0.79057 0.214892 0.27198
1 0.66651 0.514152 0.163538 0.258261
1 0.799105 0.35312 0.213661 0.26308
1 0.0802449 0.598779 0.159711 0.261006
1 0.560897 0.147141 0.206894 0.268135
1 0.53845 0.339096 0.200679 0.278433
1 0.386331 0.171707 0.212206 0.255342
1 0.0480141 0.150606 0.0960282 0.268471
1 0.0334809 0.418989 0.0669619 0.290312
1 0.777008 0.174373 0.216555 0.271574
