1 0.830913 0.693038 0.222616 0.293863
1 0.659026 0.823663 0.239343 0.283766
2 0.37669 0.778198 0.370813 0.443603
1 0.600691 0.602669 0.195927 0.253169
0 0.0353101 0.207218 0.0691972 0.108206
1 0.803831 0.176845 0.22885 0.266423
1 0.132473 0.769864 0.182611 0.262163
1 0.24334 0.557165 0.224601 0.311902
1 0.526066 0.530057 0.201053 0.261385
0 0.581427 0.079319 0.0865944 0.105034
1 0.554135 0.243373 0.214426 0.263537
1 0.162559 0.362862 0.195568 0.294675
1 0.0424221 0.309811 0.0847776 0.227735
1 0.279006 0.287344 0.211467 0.272882
1 0.028389 0.781382 0.0567781 0.329287
1 0.676345 0.430944 0.178033 0.265878
