1 0.574323 0.73189 0.182973 0.262934
1 0.81441 0.303961 0.205486 0.248561
1 0.626512 0.208741 0.180214 0.236775
1 0.904429 0.561701 0.191142 0.289159
1 0.141372 0.226871 0.238723 0.315923
2 0.37564 0.540525 0.45435 0.498968
1 0.741647 0.652413 0.246106 0.303017
1 0.781674 0.88198 0.229206 0.233222
1 0.449973 0.180726 0.209975 0.263905
1 0.936617 0.402087 0.126765 0.263232
1 0.633015 0.905651 0.188606 0.185349
1 0.0881834 0.571336 0.174541 0.324634
1 0.637197 0.472869 0.217214 0.238227
1 0.25357 0.776204 0.192445 0.248142
