1 0.769621 0.60489 0.245293 0.29389
1 0.127692 0.439988 0.20671 0.285344
1 0.118431 0.666746 0.208325 0.291532
1 0.293898 0.671177 0.213826 0.275635
1 0.856816 0.184728 0.205505 0.272256
1 0.602943 0.791865 0.192685 0.259154
1 0.914057 0.683741 0.171887 0.26818
1 0.291319 0.462333 0.190666 0.24688
1 0.451964 0.437266 0.207179 0.277974
1 0.410541 0.788513 0.192098 0.252033
1 0.53314 0.605147 0.20316 0.258345
1 0.630761 0.326409 0.244281 0.293691
1 0.934093 0.4333 0.131814 0.278238
1 0.384108 0.252767 0.212537 0.269769
