1 0.756466 0.19824 0.209573 0.281288
1 0.253885 0.740109 0.219023 0.311776
1 0.395497 0.404412 0.194332 0.26114
1 0.531462 0.276895 0.180311 0.257416
1 0.141225 0.453366 0.235036 0.335019
1 0.17931 0.153033 0.174609 0.22248
1 0.731291 0.44803 0.283858 0.287297
0 0.541935 0.650085 0.131834 0.179686
1 0.229192 0.306142 0.19946 0.237979
1 0.365573 0.188665 0.218421 0.303779
2 0.471928 0.667855 0.293699 0.315353
1 0.886188 0.616905 0.188331 0.25598
1 0.768514 0.440643 0.20771 0.274965
1 0.45253 0.0889217 0.177833 0.177486
1 0.857598 0.919458 0.18672 0.156892
