1 0.877138 0.455884 0.196333 0.284182
1 0.547114 0.581751 0.193885 0.24581
1 0.213844 0.5442 0.218916 0.301292
1 0.652862 0.805278 0.181958 0.238184
1 0.739449 0.585024 0.19888 0.268349
0 0.604111 0.273089 0.150431 0.188509
2 0.532335 0.290817 0.30633 0.357128
1 0.780348 0.367882 0.18509 0.267869
1 0.958361 0.342117 0.083246 0.294666
1 0.39325 0.545003 0.192674 0.234056
1 0.921189 0.670301 0.157623 0.300955
1 0.313428 0.366997 0.228375 0.305916
1 0.102984 0.711958 0.130044 0.268872
1 0.5694 0.88907 0.177048 0.218827
1 0.380026 0.789079 0.202426 0.272943
