1 0.533673 0.702667 0.209839 0.251004
1 0.367147 0.343019 0.201765 0.287712
1 0.41334 0.878199 0.180228 0.243602
1 0.256684 0.824953 0.201185 0.264924
1 0.729816 0.754445 0.205168 0.25299
1 0.539362 0.270377 0.196296 0.280798
1 0.0873252 0.174976 0.172513 0.252011
1 0.698855 0.180636 0.180912 0.240053
1 0.548041 0.493457 0.204978 0.249798
1 0.880019 0.267171 0.193498 0.303867
0 0.113041 0.464981 0.13548 0.193266
1 0.235236 0.191387 0.180293 0.222164
1 0.315373 0.556961 0.180685 0.240426
1 0.401793 0.120372 0.183602 0.240745
0 0.0394056 0.437372 0.0788113 0.217239
1 0.693794 0.58445 0.159996 0.203166
1 0.0997016 0.675407 0.199403 0.291022
1 0.540626 0.0831993 0.184302 0.164944
