1 0.682926 0.452624 0.240453 0.29733
1 0.71394 0.864508 0.205825 0.270983
1 0.854929 0.374622 0.203682 0.270917
1 0.217728 0.407446 0.200277 0.267001
1 0.544883 0.281604 0.196639 0.261231
1 0.0716932 0.425652 0.142399 0.301433
1 0.448508 0.46235 0.19376 0.256538
1 0.353923 0.287623 0.187737 0.250723
1 0.0604481 0.645145 0.120714 0.286648
1 0.496593 0.735207 0.261599 0.296617
1 0.246539 0.822685 0.203761 0.257028
1 0.257464 0.134031 0.199245 0.250087
1 0.348335 0.639904 0.207469 0.263505
1 0.843908 0.615389 0.167192 0.260274
1 0.186126 0.616943 0.18971 0.243275
