1 0.903741 0.335225 0.192518 0.294071
1 0.743694 0.319228 0.195518 0.259996
1 0.777932 0.743861 0.198363 0.266501
1 0.662142 0.862061 0.226022 0.275877
0 0.110233 0.639737 0.115158 0.157914
1 0.43193 0.828814 0.220108 0.275158
2 0.53313 0.529718 0.352289 0.46198
1 0.522843 0.235864 0.211882 0.262732
1 0.18841 0.475217 0.171017 0.261564
1 0.353711 0.157786 0.210302 0.269072
1 0.137295 0.132742 0.218548 0.265484
1 0.098545 0.273526 0.195569 0.28665
1 0.346381 0.34914 0.204443 0.265039
1 0.88317 0.629484 0.175485 0.28182
