1 0.526449 0.64043 0.195227 0.259869
1 0.260816 0.610866 0.226486 0.272126
1 0.733202 0.524789 0.258537 0.314573
1 0.912515 0.551446 0.174971 0.272922
1 0.222536 0.847204 0.233747 0.278267
1 0.0862356 0.71299 0.169314 0.281115
1 0.407159 0.229734 0.199524 0.263537
1 0.637628 0.765965 0.200117 0.256165
1 0.493806 0.463507 0.194694 0.274092
2 0.18217 0.359426 0.348433 0.394179
1 0.752668 0.163996 0.230328 0.289746
1 0.550931 0.300929 0.219409 0.246964
1 0.375192 0.716936 0.209804 0.31618
1 0.35211 0.913647 0.189514 0.164673
