1 0.278062 0.688 0.231416 0.324298
1 0.491158 0.803175 0.211949 0.272939
1 0.234484 0.461303 0.196516 0.256181
0 0.82398 0.894423 0.117 0.154949
2 0.525889 0.475651 0.356049 0.459503
1 0.789872 0.288989 0.21839 0.268137
1 0.409343 0.128203 0.19386 0.255583
1 0.820553 0.688201 0.173336 0.261355
1 0.735634 0.451016 0.203804 0.293999
1 0.186764 0.266643 0.184398 0.248471
1 0.934352 0.593835 0.131296 0.308153
1 0.625348 0.222295 0.213081 0.268068
1 0.0991372 0.682879 0.155015 0.222381
1 0.942869 0.403086 0.114262 0.320453
