1 0.740061 0.466705 0.195402 0.238529
1 0.749587 0.260208 0.201676 0.24047
1 0.540223 0.604009 0.205211 0.296575
1 0.70359 0.684532 0.195574 0.285366
1 0.393392 0.744007 0.179553 0.22402
1 0.236157 0.753133 0.18751 0.255211
1 0.857672 0.772562 0.167194 0.227359
1 0.553025 0.832364 0.179763 0.254105
1 0.483765 0.130009 0.197778 0.255426
1 0.92929 0.222167 0.141419 0.2459
1 0.513918 0.392586 0.179885 0.238913
0 0.302023 0.457589 0.147081 0.189582
1 0.64975 0.0983393 0.171507 0.196679
1 0.435513 0.912003 0.177888 0.156644
