1 0.252395 0.763875 0.197454 0.261721
1 0.317637 0.353329 0.189655 0.254202
1 0.348858 0.888615 0.218524 0.220475
1 0.71237 0.305456 0.207459 0.260608
2 0.514383 0.629341 0.34237 0.456608
1 0.847724 0.671116 0.162573 0.255996
1 0.543673 0.331981 0.212981 0.255123
0 0.904107 0.857459 0.118533 0.151737
1 0.159425 0.61399 0.16128 0.262954
1 0.150182 0.315069 0.203369 0.271096
1 0.705567 0.494666 0.20231 0.274915
1 0.928031 0.500385 0.143938 0.278926
1 0.579744 0.902032 0.218342 0.192872
1 0.912155 0.326652 0.175689 0.288845
