1 0.327049 0.269986 0.228329 0.268427
1 0.206839 0.646905 0.203848 0.278904
1 0.9153 0.731028 0.169401 0.276859
1 0.928949 0.510357 0.142101 0.286629
1 0.772258 0.631901 0.182522 0.229129
1 0.789959 0.426772 0.197998 0.257534
1 0.183042 0.121574 0.191491 0.24205
1 0.440604 0.604479 0.252394 0.297698
1 0.671906 0.800324 0.201825 0.244584
1 0.686032 0.254712 0.17494 0.231918
1 0.81663 0.150118 0.184008 0.237224
1 0.61395 0.59059 0.193788 0.258211
1 0.553815 0.3822 0.189861 0.250117
2 0.430307 0.836848 0.369727 0.308302
1 0.145233 0.347216 0.144622 0.252842
1 0.959483 0.903311 0.0808258 0.19073
1 0.502443 0.170641 0.181608 0.246747
