1 0.479567 0.243802 0.211921 0.271434
1 0.120369 0.81463 0.229344 0.262185
1 0.203189 0.613883 0.195704 0.254225
1 0.805057 0.342712 0.169729 0.250579
0 0.819138 0.13544 0.121078 0.15924
1 0.707449 0.582952 0.20234 0.294386
2 0.492404 0.58222 0.361948 0.45865
1 0.0755653 0.613738 0.150497 0.251423
1 0.234019 0.143865 0.230031 0.255308
1 0.257365 0.38372 0.228758 0.317003
1 0.584089 0.807981 0.203509 0.234771
0 0.44201 0.480059 0.106766 0.138295
1 0.679275 0.132432 0.225916 0.264865
1 0.0711234 0.275712 0.141421 0.246515
1 0.24177 0.341445 0.182585 0.226254
