1 0.602559 0.270742 0.207333 0.289468
1 0.619895 0.876802 0.205488 0.246395
0 0.412792 0.305721 0.136273 0.196076
1 0.746356 0.124339 0.219975 0.248678
2 0.371688 0.341951 0.275122 0.383503
0 0.319444 0.28808 0.119433 0.16805
1 0.903219 0.317598 0.193561 0.27263
1 0.300184 0.915008 0.179079 0.163079
1 0.496116 0.625867 0.196201 0.251139
1 0.167389 0.798718 0.230707 0.350476
1 0.0839621 0.411921 0.158268 0.265243
0 0.60813 0.573769 0.0708743 0.0960772
1 0.924225 0.599788 0.15155 0.306096
1 0.946022 0.602584 0.107646 0.306488
