1 0.36362 0.663913 0.208767 0.257192
1 0.593533 0.355023 0.199585 0.291463
1 0.44852 0.859913 0.183194 0.243022
1 0.155611 0.668982 0.194455 0.250917
1 0.908883 0.251835 0.181365 0.239964
1 0.616155 0.832627 0.200221 0.258925
1 0.434725 0.249057 0.185904 0.279761
1 0.38948 0.460999 0.197639 0.246397
1 0.100545 0.175701 0.157512 0.283706
1 0.595784 0.130687 0.175689 0.256074
1 0.605746 0.565376 0.184397 0.232126
1 0.750792 0.237523 0.173096 0.227929
1 0.286298 0.139161 0.167977 0.227611
0 0.817349 0.520465 0.139915 0.175102
0 0.931343 0.491585 0.131873 0.174172
1 0.80276 0.725952 0.194214 0.28051
2 0.862081 0.5983 0.275319 0.653313
2 0.924571 0.590372 0.150117 0.670321
