1 0.363694 0.761393 0.218163 0.301442
1 0.102777 0.840637 0.205553 0.318725
1 0.255155 0.380908 0.214661 0.265185
2 0.49895 0.488507 0.352317 0.45221
1 0.124217 0.52684 0.202748 0.279017
1 0.81798 0.895343 0.146373 0.207133
1 0.189496 0.151294 0.179462 0.282579
1 0.35243 0.201613 0.234239 0.29686
1 0.781501 0.358609 0.241529 0.369305
1 0.0436317 0.294511 0.0871657 0.331255
1 0.859362 0.599416 0.151548 0.330267
0 0.121124 0.355585 0.0768424 0.0838904
1 0.029204 0.635468 0.058408 0.317136
1 0.574319 0.747895 0.27592 0.306378
