1 0.74076 0.250851 0.199027 0.252243
1 0.547166 0.312525 0.212052 0.259527
1 0.56227 0.52271 0.201592 0.242368
1 0.554623 0.744657 0.201643 0.29429
1 0.715895 0.825754 0.180554 0.233221
1 0.383766 0.680653 0.201271 0.299408
1 0.895936 0.732902 0.179874 0.291643
1 0.255123 0.836445 0.174589 0.227408
1 0.100135 0.860388 0.185326 0.254234
1 0.268046 0.206103 0.204245 0.265708
1 0.330841 0.468454 0.179535 0.239553
1 0.422889 0.134755 0.183423 0.258413
1 0.421491 0.891554 0.176788 0.212683
0 0.128296 0.552517 0.143303 0.195985
1 0.705096 0.420271 0.158182 0.206893
2 0.11301 0.45375 0.225731 0.53649
