1 0.712484 0.103656 0.182029 0.203896
1 0.150616 0.797758 0.231083 0.28565
1 0.0670608 0.588411 0.133741 0.283724
1 0.753662 0.731849 0.225938 0.248758
1 0.892087 0.579497 0.211521 0.251287
1 0.780697 0.298378 0.205271 0.294799
1 0.474901 0.657178 0.274368 0.339316
1 0.599407 0.518182 0.178752 0.215991
1 0.0730741 0.293043 0.145197 0.277345
0 0.867368 0.349915 0.0848432 0.0990635
1 0.434404 0.895645 0.183803 0.20871
2 0.328013 0.439865 0.291845 0.45374
1 0.770707 0.542831 0.200947 0.25165
1 0.263505 0.217767 0.241393 0.262399
