1 0.802517 0.766829 0.21477 0.30137
1 0.680183 0.438696 0.192017 0.258708
1 0.102121 0.659727 0.203741 0.274994
1 0.0847559 0.333733 0.167838 0.293696
2 0.549248 0.682345 0.392858 0.489895
1 0.320213 0.23734 0.230787 0.278635
1 0.740013 0.20562 0.17637 0.223316
1 0.839821 0.368652 0.206585 0.279789
1 0.265292 0.597287 0.223241 0.315406
1 0.960811 0.756603 0.078377 0.250166
1 0.0406795 0.498416 0.081359 0.261719
1 0.835371 0.511168 0.192689 0.239937
0 0.152779 0.838552 0.0720362 0.0931612
1 0.332492 0.451721 0.17996 0.258191
