1 0.811717 0.718019 0.201598 0.264718
1 0.435581 0.778391 0.240104 0.275411
1 0.645457 0.498872 0.175864 0.23951
1 0.631249 0.76182 0.200939 0.282497
1 0.0697691 0.389301 0.139344 0.287248
2 0.362536 0.225955 0.235203 0.299432
1 0.484432 0.53961 0.220443 0.322295
1 0.949619 0.232491 0.10002 0.268907
0 0.330641 0.179683 0.125931 0.168276
0 0.259657 0.37469 0.0812571 0.10184
1 0.156562 0.384717 0.167766 0.252275
1 0.0916195 0.647125 0.182756 0.318036
1 0.775558 0.87484 0.213696 0.247597
1 0.331751 0.53881 0.200917 0.256491
