2 0.569007 0.23215 0.3672 0.4643
1 0.58992 0.770203 0.198592 0.279606
0 0.820632 0.940002 0.0791488 0.107714
1 0.312806 0.696764 0.229009 0.279928
1 0.858783 0.853504 0.161632 0.225518
1 0.716774 0.723743 0.182955 0.294964
1 0.111764 0.136489 0.221383 0.270082
0 0.273629 0.836209 0.0823501 0.102659
1 0.096786 0.647381 0.19197 0.26644
1 0.385664 0.423924 0.199608 0.246757
1 0.322187 0.313196 0.181871 0.261504
1 0.656636 0.50821 0.219973 0.305111
1 0.292615 0.106588 0.230679 0.213177
1 0.0297237 0.472399 0.0594329 0.314015
0 0.0514374 0.291535 0.0796038 0.0975872
