1 0.84305 0.787092 0.207119 0.266886
1 0.353641 0.554284 0.203221 0.267264
1 0.454691 0.374205 0.193765 0.251312
1 0.133798 0.881268 0.180068 0.190635
1 0.690924 0.749198 0.189817 0.248971
1 0.202955 0.446544 0.200043 0.257774
2 0.79478 0.266886 0.360339 0.464145
1 0.0974182 0.22597 0.181077 0.315079
0 0.696038 0.294023 0.114097 0.152791
1 0.962919 0.685483 0.073853 0.285037
1 0.867693 0.56674 0.189016 0.238215
1 0.968048 0.450057 0.0639044 0.269298
1 0.58814 0.303383 0.12746 0.244172
1 0.102626 0.672983 0.148393 0.236708
1 0.765145 0.565873 0.218024 0.248977
0 0.780299 0.181422 0.11316 0.161878
