1 0.80199 0.767614 0.237053 0.279444
1 0.25532 0.501433 0.261325 0.318834
1 0.698552 0.884371 0.202134 0.230702
1 0.475505 0.594227 0.194122 0.267536
1 0.0876415 0.562511 0.175283 0.274377
2 0.773769 0.263116 0.365786 0.401796
1 0.913848 0.608886 0.159469 0.280038
1 0.732679 0.525701 0.234363 0.267691
1 0.485993 0.90164 0.211077 0.193544
1 0.533156 0.167621 0.194984 0.25513
1 0.383605 0.740229 0.211487 0.25708
1 0.482443 0.417038 0.199505 0.279855
1 0.402692 0.252541 0.223441 0.245708
1 0.186759 0.164198 0.242469 0.328397
