1 0.564448 0.672604 0.185415 0.260607
1 0.772622 0.22823 0.203534 0.26095
1 0.682893 0.798184 0.191465 0.260759
1 0.269687 0.296048 0.195587 0.270564
1 0.83347 0.780741 0.177821 0.238541
1 0.687382 0.451223 0.212598 0.277363
1 0.79288 0.652647 0.244464 0.286574
1 0.428103 0.172099 0.178813 0.239057
0 0.0356051 0.284264 0.0712101 0.184485
2 0.347702 0.65793 0.405724 0.498001
1 0.0807122 0.613555 0.161424 0.353411
1 0.526164 0.39254 0.198573 0.254416
1 0.598981 0.475824 0.195951 0.25021
1 0.607187 0.108056 0.200407 0.216111
0 0.0246332 0.303029 0.0492188 0.20063
