1 0.486821 0.221739 0.255508 0.342498
1 0.426391 0.679119 0.244736 0.3108
1 0.72694 0.49395 0.187699 0.243728
0 0.0451083 0.318096 0.0788225 0.112258
2 0.136046 0.583454 0.272093 0.443504
0 0.111173 0.493457 0.132931 0.197151
1 0.261297 0.342371 0.170696 0.237529
1 0.137474 0.223173 0.20576 0.235251
0 0.41736 0.450933 0.0741051 0.0897888
0 0.74826 0.815223 0.0669516 0.0887854
1 0.811532 0.715663 0.199167 0.270477
1 0.0450783 0.129874 0.0901566 0.259748
0 0.0453383 0.564913 0.0814233 0.112082
1 0.0438077 0.916335 0.0876154 0.165382
