1 0.151455 0.267266 0.205559 0.260461
1 0.62199 0.40503 0.24389 0.265355
1 0.137515 0.486507 0.213316 0.264187
1 0.123833 0.802043 0.203646 0.278559
1 0.593989 0.19228 0.208611 0.25898
1 0.250127 0.50203 0.22275 0.294089
1 0.284549 0.131003 0.210712 0.262006
1 0.935739 0.24582 0.128522 0.27543
1 0.866981 0.50675 0.199628 0.294631
1 0.2763 0.772007 0.188396 0.261783
1 0.363931 0.906949 0.203144 0.18401
2 0.712345 0.691662 0.465336 0.552168
1 0.814744 0.918555 0.241431 0.159165
1 0.0297415 0.80138 0.059483 0.295956
1 0.0352113 0.556919 0.0704226 0.27177
