1 0.348572 0.610972 0.192 0.251822
1 0.260037 0.810705 0.229296 0.257915
1 0.626035 0.267374 0.21373 0.267683
1 0.847707 0.622237 0.198176 0.289405
1 0.209492 0.605866 0.169511 0.250565
2 0.635665 0.60259 0.353649 0.459395
0 0.952207 0.184968 0.0955853 0.150982
1 0.930809 0.394295 0.138381 0.262685
1 0.383483 0.145487 0.225899 0.251381
1 0.720927 0.836102 0.199738 0.225352
1 0.404255 0.385116 0.227102 0.315619
0 0.586069 0.499405 0.108548 0.13789
1 0.204029 0.263667 0.175449 0.246276
1 0.498716 0.911897 0.171061 0.172992
1 0.387265 0.343934 0.180391 0.224945
