1 0.917485 0.551593 0.165029 0.281362
1 0.782225 0.722143 0.197192 0.26346
2 0.821591 0.216525 0.356818 0.432877
1 0.496825 0.731805 0.207736 0.261383
1 0.538737 0.457408 0.160206 0.245395
1 0.172469 0.834614 0.187653 0.247756
1 0.671096 0.527848 0.168453 0.234382
1 0.317773 0.553763 0.194128 0.274891
1 0.40628 0.243653 0.186921 0.251029
1 0.20094 0.607778 0.184362 0.261877
1 0.846682 0.913497 0.210938 0.17013
1 0.921875 0.777513 0.141326 0.238918
1 0.245081 0.430757 0.22107 0.289218
1 0.163601 0.314637 0.251605 0.305757
