1 0.196662 0.89111 0.177619 0.215683
1 0.842319 0.566461 0.245252 0.276559
1 0.785256 0.337002 0.217878 0.248663
1 0.701761 0.137907 0.227786 0.250499
2 0.440331 0.535079 0.432441 0.635338
1 0.720287 0.74662 0.195095 0.274873
1 0.945703 0.850025 0.108472 0.282052
1 0.598253 0.911991 0.19571 0.173379
1 0.945166 0.445284 0.109668 0.237624
0 0.161893 0.510021 0.0866667 0.103952
1 0.827936 0.911989 0.228066 0.170966
0 0.563884 0.603794 0.136849 0.18443
1 0.49464 0.40861 0.205454 0.28648
1 0.186608 0.248913 0.213948 0.322152
