1 0.867084 0.313148 0.224509 0.291486
1 0.637212 0.457021 0.18643 0.26112
1 0.69378 0.235731 0.236801 0.282307
1 0.558738 0.557527 0.191701 0.249633
1 0.28799 0.588288 0.220577 0.303891
2 0.409776 0.324786 0.3609 0.469033
1 0.069111 0.884722 0.138222 0.22454
0 0.30021 0.327674 0.120398 0.195581
1 0.833316 0.83852 0.223077 0.264001
0 0.0867798 0.968327 0.0913752 0.0611287
1 0.605047 0.845478 0.23331 0.28566
1 0.0462396 0.411075 0.0923481 0.296377
1 0.170108 0.402593 0.183171 0.277857
0 0.465447 0.222959 0.156877 0.20065
0 0.63114 0.964175 0.0901941 0.0696016
