2 0.597652 0.271233 0.372214 0.488653
1 0.127141 0.176031 0.225466 0.285627
1 0.309335 0.135799 0.243965 0.271599
1 0.914678 0.895657 0.160883 0.204613
1 0.127949 0.695815 0.221782 0.257539
1 0.36225 0.747792 0.223217 0.279446
1 0.770508 0.774185 0.18387 0.294367
1 0.950381 0.451871 0.0989224 0.31507
0 0.326687 0.886265 0.0852176 0.108046
1 0.419345 0.466305 0.196473 0.249377
1 0.641579 0.823394 0.20429 0.285326
1 0.350512 0.361868 0.184433 0.267324
1 0.693112 0.55862 0.222146 0.309324
1 0.824531 0.403198 0.202766 0.279135
