1 0.880626 0.669524 0.210699 0.289498
1 0.312054 0.309098 0.24424 0.283771
1 0.116949 0.649256 0.207867 0.281983
1 0.804791 0.870583 0.200002 0.258835
1 0.817911 0.287717 0.187946 0.264145
1 0.732301 0.55307 0.21122 0.26672
1 0.2035 0.133435 0.208924 0.249695
1 0.504416 0.240617 0.193206 0.267702
1 0.670767 0.367835 0.189057 0.241507
1 0.513324 0.4576 0.19555 0.252961
1 0.361775 0.651774 0.270712 0.30361
1 0.675113 0.755681 0.186722 0.236637
1 0.538221 0.886036 0.204495 0.224582
1 0.962107 0.457363 0.0757812 0.392372
2 0.278033 0.864355 0.369579 0.266524
