1 0.765465 0.56605 0.192622 0.243835
1 0.552875 0.225872 0.259511 0.36066
1 0.450586 0.652047 0.242905 0.314749
1 0.828563 0.801138 0.19575 0.259688
0 0.100851 0.170363 0.0831233 0.106972
2 0.151994 0.443002 0.303988 0.466011
1 0.836424 0.896445 0.198608 0.205079
0 0.456416 0.421863 0.0782308 0.0973449
0 0.148571 0.353994 0.132922 0.184632
1 0.473771 0.879972 0.227863 0.240056
1 0.317625 0.271338 0.183943 0.23798
1 0.203413 0.116533 0.209198 0.22677
1 0.0290449 0.223243 0.0580899 0.247103
0 0.749112 0.884571 0.0702757 0.0890903
1 0.0270465 0.521299 0.054093 0.324342
1 0.115948 0.719013 0.228254 0.268721
