1 0.819476 0.277977 0.187233 0.254001
0 0.896352 0.602594 0.0845871 0.100289
1 0.950827 0.340571 0.097796 0.286002
1 0.448724 0.753692 0.284148 0.316481
1 0.120908 0.760894 0.224612 0.292523
1 0.0880488 0.523087 0.153785 0.28105
1 0.145938 0.235143 0.200962 0.257205
1 0.360055 0.241495 0.237421 0.258728
2 0.367039 0.489132 0.291066 0.432954
1 0.698816 0.898471 0.225019 0.199659
1 0.668015 0.289687 0.211728 0.250704
1 0.607099 0.6683 0.170867 0.213207
1 0.863866 0.841701 0.216804 0.258625
1 0.763984 0.755931 0.196936 0.273375
1 0.831695 0.51046 0.203763 0.273011
