1 0.74318 0.214068 0.238732 0.314985
1 0.252392 0.245781 0.178235 0.240597
1 0.35543 0.756073 0.184774 0.26216
1 0.865804 0.541805 0.240966 0.318064
1 0.0848744 0.358683 0.16872 0.238491
2 0.560021 0.52422 0.414539 0.501115
1 0.428527 0.196072 0.20601 0.254818
1 0.0470297 0.605489 0.0940595 0.286837
1 0.312102 0.914069 0.191379 0.166965
1 0.240078 0.652317 0.187594 0.277628
1 0.159566 0.900576 0.206491 0.196123
1 0.865728 0.399451 0.17294 0.244034
1 0.265045 0.501131 0.201483 0.229257
1 0.158969 0.691893 0.202713 0.293669
