1 0.535549 0.648068 0.19492 0.246556
1 0.17677 0.254867 0.204802 0.263483
1 0.898922 0.114275 0.175786 0.191276
1 0.788752 0.553534 0.184374 0.256035
1 0.648845 0.456413 0.208008 0.264761
1 0.882982 0.760878 0.187275 0.303149
1 0.322447 0.285661 0.193968 0.232738
2 0.196454 0.762902 0.353628 0.455089
1 0.046009 0.361674 0.092018 0.292858
1 0.394892 0.721141 0.139666 0.252238
0 0.282603 0.736041 0.113377 0.15159
1 0.135307 0.476484 0.189471 0.233028
1 0.0301564 0.599974 0.0603127 0.279198
1 0.683362 0.657484 0.183308 0.257927
