1 0.526209 0.532668 0.194005 0.281287
1 0.60893 0.77526 0.190114 0.252488
1 0.812566 0.173024 0.230149 0.276714
1 0.763501 0.407495 0.225785 0.265876
1 0.290682 0.462049 0.255896 0.311062
1 0.499897 0.35665 0.188784 0.265632
1 0.0992419 0.419015 0.197551 0.267972
1 0.929436 0.316988 0.141128 0.279913
1 0.466435 0.700177 0.211014 0.243744
2 0.835907 0.654365 0.328186 0.377823
1 0.685849 0.0909854 0.197946 0.179022
1 0.258875 0.779736 0.242176 0.364616
1 0.396875 0.223174 0.188004 0.241398
1 0.649369 0.278664 0.203612 0.286595
