1 0.92786 0.585217 0.144279 0.2876
1 0.752746 0.624434 0.231004 0.265909
1 0.513334 0.498474 0.19642 0.271937
1 0.842377 0.399792 0.228348 0.274467
1 0.293067 0.535862 0.252229 0.322608
1 0.748715 0.238705 0.204173 0.276369
1 0.116315 0.43617 0.200941 0.265799
1 0.543371 0.166272 0.208336 0.240221
2 0.773402 0.846949 0.352127 0.302619
1 0.500171 0.68121 0.200341 0.278733
1 0.538162 0.904316 0.189879 0.18798
1 0.203947 0.823645 0.241337 0.34993
1 0.434935 0.3296 0.192084 0.240892
1 0.958484 0.155082 0.083033 0.276622
1 0.667645 0.470876 0.221414 0.305264
