1 0.271233 0.544693 0.225457 0.331093
1 0.167604 0.288737 0.183966 0.254365
1 0.788371 0.628264 0.243936 0.296572
1 0.565317 0.782396 0.193006 0.259097
1 0.624498 0.560785 0.243205 0.277519
1 0.770755 0.363585 0.181819 0.287697
1 0.903675 0.263064 0.179947 0.218933
2 0.535302 0.298199 0.415383 0.502528
1 0.829161 0.831461 0.190095 0.263024
1 0.0716093 0.512254 0.142571 0.297963
1 0.685621 0.895095 0.216807 0.2055
1 0.0408285 0.800671 0.0816571 0.295059
1 0.915983 0.390676 0.160222 0.256201
0 0.638619 0.353406 0.159679 0.216388
0 0.675455 0.147492 0.0743729 0.102945
