1 0.538901 0.760749 0.183394 0.266453
1 0.841837 0.389305 0.18749 0.272471
1 0.615212 0.894354 0.187279 0.208253
1 0.364088 0.292111 0.204676 0.274254
1 0.728575 0.194559 0.199674 0.250485
1 0.539595 0.220662 0.186431 0.245481
1 0.867733 0.202076 0.145179 0.218554
1 0.751757 0.814426 0.223368 0.272154
2 0.312024 0.67803 0.439256 0.504346
1 0.400541 0.893689 0.201877 0.20994
1 0.707062 0.573775 0.217743 0.275911
1 0.761558 0.918498 0.179682 0.158442
1 0.620676 0.577841 0.192727 0.265259
1 0.0936327 0.526533 0.186697 0.331116
