1 0.666585 0.163625 0.218145 0.295677
1 0.28746 0.78263 0.201098 0.270628
1 0.834199 0.422198 0.226013 0.339388
1 0.49648 0.655978 0.187451 0.268674
1 0.596641 0.509336 0.193697 0.265479
1 0.26132 0.530762 0.275678 0.291079
1 0.86188 0.714396 0.158286 0.227854
1 0.674311 0.724019 0.222783 0.28984
1 0.61547 0.863774 0.183369 0.242488
2 0.459678 0.254821 0.286721 0.32741
1 0.773496 0.919504 0.202336 0.156804
0 0.483386 0.1987 0.147534 0.152807
0 0.394459 0.304474 0.121316 0.143981
1 0.226945 0.537282 0.204894 0.269525
