1 0.646185 0.501169 0.234545 0.306871
1 0.436858 0.688629 0.213001 0.270704
1 0.694477 0.739075 0.229978 0.257819
1 0.816973 0.227268 0.175663 0.250481
1 0.671432 0.273832 0.194946 0.2544
2 0.381311 0.375316 0.354602 0.465105
1 0.157589 0.425409 0.199441 0.297167
0 0.0962888 0.885773 0.120437 0.152304
1 0.0924098 0.680281 0.175554 0.255042
0 0.427083 0.278327 0.140063 0.190121
1 0.246095 0.861654 0.248682 0.276693
1 0.865307 0.559109 0.182662 0.241596
1 0.256901 0.172832 0.201374 0.25952
1 0.554108 0.868114 0.181699 0.223855
