1 0.397358 0.395645 0.195195 0.26939
1 0.718661 0.328464 0.232846 0.286946
1 0.60317 0.154716 0.205644 0.277723
1 0.409074 0.576306 0.200062 0.282026
1 0.180451 0.41527 0.2569 0.317881
1 0.65655 0.543625 0.232899 0.271222
2 0.709062 0.7988 0.337512 0.336148
1 0.478029 0.835853 0.192928 0.242753
1 0.833532 0.527758 0.16141 0.277436
1 0.127308 0.707634 0.250135 0.380433
1 0.54838 0.366207 0.202118 0.282585
1 0.0457865 0.293091 0.091573 0.277817
1 0.301281 0.217593 0.192153 0.246111
1 0.341971 0.711488 0.22092 0.25301
0 0.674304 0.723655 0.113684 0.150953
