1 0.272929 0.869259 0.207598 0.261482
1 0.613488 0.368966 0.202075 0.256994
1 0.734496 0.515752 0.209042 0.262742
2 0.279225 0.35252 0.3653 0.48691
1 0.217296 0.664339 0.176429 0.236259
1 0.888267 0.379297 0.218424 0.266142
1 0.471201 0.336141 0.140458 0.255595
1 0.408787 0.794205 0.206878 0.257632
1 0.954815 0.782055 0.0903227 0.226725
1 0.326099 0.632103 0.214896 0.258976
0 0.366146 0.35834 0.108677 0.159202
1 0.937184 0.147759 0.124996 0.2936
0 0.26024 0.263699 0.127522 0.179836
1 0.419682 0.0856515 0.171722 0.168614
