1 0.352666 0.808218 0.231588 0.312372
1 0.339198 0.449729 0.187398 0.258574
1 0.131122 0.606798 0.226404 0.333873
1 0.397231 0.260391 0.186919 0.274362
0 0.569636 0.577931 0.137365 0.15703
1 0.233889 0.105129 0.174566 0.210258
1 0.561252 0.107196 0.205302 0.214393
1 0.141385 0.434181 0.180676 0.230022
1 0.0636957 0.334262 0.127159 0.238263
1 0.673843 0.290189 0.221759 0.263151
1 0.61953 0.321272 0.20994 0.298976
1 0.949471 0.69927 0.100621 0.271864
1 0.214215 0.261462 0.230211 0.289182
2 0.5235 0.640728 0.280782 0.329486
1 0.229997 0.912316 0.203327 0.170903
