1 0.59725 0.246292 0.213937 0.272073
1 0.320324 0.620771 0.197515 0.253702
1 0.235899 0.827882 0.233781 0.263921
1 0.376164 0.390641 0.230972 0.315907
1 0.178898 0.628358 0.180604 0.256167
2 0.610704 0.58273 0.361411 0.459913
1 0.825241 0.57954 0.202303 0.293962
1 0.919801 0.336931 0.160399 0.260872
0 0.939631 0.128631 0.116957 0.151304
1 0.353236 0.150934 0.227751 0.256866
1 0.700205 0.807796 0.203741 0.235249
1 0.170983 0.28628 0.167718 0.243337
1 0.796555 0.132473 0.23307 0.264946
0 0.558252 0.4855 0.107919 0.135952
1 0.476781 0.909142 0.172199 0.179393
