1 0.847663 0.533856 0.205042 0.291041
1 0.78758 0.743755 0.203878 0.280838
1 0.0943488 0.533395 0.188698 0.284895
1 0.253354 0.190082 0.237503 0.271524
1 0.691168 0.419696 0.205598 0.257568
1 0.520069 0.76772 0.202394 0.24941
1 0.646368 0.623535 0.187602 0.238283
1 0.323254 0.534537 0.263379 0.298123
1 0.758011 0.155242 0.190429 0.250734
1 0.463898 0.3349 0.188933 0.247303
1 0.616537 0.236119 0.174272 0.23216
1 0.0715601 0.23421 0.142395 0.25497
1 0.494364 0.551714 0.207345 0.258906
1 0.936676 0.303642 0.126649 0.348387
1 0.835742 0.921166 0.172108 0.154244
