1 0.887158 0.566785 0.20947 0.280017
1 0.819876 0.771693 0.200318 0.280406
1 0.731849 0.438767 0.210736 0.255955
1 0.118285 0.470216 0.21124 0.285418
1 0.298621 0.153992 0.24387 0.27829
1 0.804042 0.178875 0.189053 0.258739
1 0.683007 0.631355 0.187812 0.2368
1 0.551241 0.762749 0.208124 0.248808
1 0.366103 0.497088 0.274838 0.298933
1 0.663474 0.245629 0.178366 0.239499
1 0.53204 0.541919 0.204868 0.259398
1 0.509714 0.325272 0.193533 0.248075
1 0.103303 0.168861 0.165424 0.257201
1 0.96251 0.365082 0.0747213 0.397426
