1 0.252992 0.387663 0.207555 0.261421
1 0.85987 0.650326 0.186631 0.24693
1 0.526208 0.632747 0.206809 0.286691
1 0.387566 0.766101 0.183087 0.286329
1 0.702608 0.702478 0.172857 0.23455
1 0.307005 0.57313 0.195134 0.252203
1 0.484644 0.163572 0.205718 0.254841
1 0.311836 0.169993 0.186699 0.247137
1 0.561806 0.845387 0.188112 0.252413
1 0.0730497 0.428099 0.145236 0.258971
1 0.254499 0.896111 0.169067 0.20352
1 0.0718097 0.884394 0.143294 0.231212
1 0.514899 0.418446 0.186607 0.228702
2 0.761622 0.267731 0.388219 0.535462
