1 0.403817 0.487914 0.192566 0.259858
1 0.407151 0.845287 0.226981 0.293709
1 0.474962 0.298009 0.182895 0.266935
1 0.195535 0.664156 0.219728 0.332654
1 0.112074 0.387746 0.178855 0.233973
1 0.319359 0.14337 0.17902 0.229738
1 0.212505 0.487731 0.187009 0.231596
0 0.635496 0.606585 0.132166 0.151562
1 0.643219 0.120809 0.205849 0.241619
1 0.291615 0.311074 0.22904 0.282381
1 0.723094 0.340307 0.26682 0.303304
1 0.908472 0.467837 0.183056 0.377726
1 0.748423 0.31776 0.218884 0.257739
1 0.152364 0.135778 0.199138 0.195698
