1 0.141107 0.775307 0.195137 0.263643
1 0.647846 0.334971 0.185332 0.255096
2 0.245756 0.259821 0.413353 0.470564
1 0.420956 0.808723 0.215388 0.26585
1 0.457272 0.537881 0.175398 0.248709
1 0.303753 0.594819 0.17337 0.24198
1 0.728847 0.903424 0.222982 0.187478
1 0.421588 0.341077 0.163907 0.232552
1 0.0680329 0.593201 0.136039 0.287233
1 0.613853 0.649551 0.252681 0.296025
1 0.750577 0.525443 0.218406 0.280403
1 0.965644 0.189086 0.0687111 0.271738
1 0.733868 0.697148 0.223361 0.286062
1 0.0276308 0.822557 0.0551803 0.245722
