1 0.680291 0.852561 0.234566 0.291769
1 0.251948 0.390646 0.221622 0.337839
1 0.751986 0.285578 0.183224 0.2879
1 0.556392 0.674299 0.19692 0.265933
1 0.777349 0.555039 0.245151 0.300572
1 0.825548 0.766615 0.189451 0.263441
1 0.138841 0.123115 0.190283 0.24623
1 0.897282 0.338854 0.16609 0.260549
1 0.88288 0.205009 0.180239 0.216114
1 0.0601161 0.326279 0.120232 0.317607
2 0.515912 0.215676 0.418876 0.431352
1 0.609434 0.459983 0.249692 0.272025
1 0.0343759 0.610488 0.0687519 0.30543
0 0.646918 0.0554681 0.0799094 0.0989156
1 0.213082 0.697117 0.190675 0.263042
