1 0.448324 0.238205 0.207753 0.277056
1 0.922668 0.813286 0.154664 0.34501
1 0.637467 0.447669 0.18942 0.284767
1 0.822354 0.46225 0.233541 0.295543
1 0.724606 0.627268 0.193412 0.260742
1 0.356239 0.445937 0.193738 0.264262
1 0.783087 0.287957 0.181206 0.235048
1 0.114027 0.833189 0.163364 0.250413
0 0.502243 0.744628 0.125588 0.15538
1 0.436033 0.487555 0.204354 0.280602
2 0.567967 0.818605 0.278546 0.345711
1 0.759268 0.920569 0.216886 0.156501
1 0.911025 0.636664 0.177951 0.236215
1 0.957987 0.574817 0.0836034 0.312582
