1 0.374957 0.32506 0.198977 0.249504
1 0.634939 0.619645 0.203811 0.289774
1 0.166916 0.328584 0.19621 0.248949
1 0.419295 0.523364 0.190969 0.245459
1 0.806731 0.722083 0.171011 0.229852
1 0.491078 0.730406 0.182406 0.282921
1 0.611554 0.140917 0.205216 0.254677
1 0.934678 0.696877 0.130402 0.247073
1 0.440743 0.124487 0.183371 0.244843
1 0.660883 0.842384 0.18046 0.253507
1 0.353277 0.849665 0.17634 0.226423
1 0.163102 0.81994 0.16285 0.284892
1 0.629959 0.402501 0.179182 0.231193
2 0.861146 0.302738 0.277708 0.580365
1 0.811907 0.231062 0.202842 0.290486
1 0.250635 0.471685 0.144814 0.197447
