1 0.840416 0.664596 0.195362 0.261294
1 0.637709 0.684081 0.204868 0.25184
1 0.5626 0.487528 0.198047 0.256538
1 0.453346 0.289718 0.19367 0.283422
1 0.143989 0.317243 0.173477 0.229072
1 0.607432 0.884341 0.197954 0.231319
1 0.436061 0.881541 0.204783 0.236918
1 0.76829 0.169847 0.19095 0.295146
1 0.264675 0.19309 0.19224 0.260717
1 0.32923 0.411061 0.215071 0.290853
1 0.571253 0.152117 0.176266 0.226352
1 0.0444242 0.34819 0.0888483 0.255225
1 0.370443 0.627249 0.193682 0.232146
0 0.145771 0.605741 0.142273 0.168302
2 0.164432 0.73425 0.325553 0.527092
0 0.0499729 0.610915 0.0993012 0.212287
1 0.736467 0.528398 0.157841 0.206694
