1 0.85272 0.743533 0.220628 0.323288
1 0.908553 0.524366 0.182894 0.245089
1 0.633058 0.821784 0.217796 0.274453
1 0.413532 0.426277 0.197453 0.279889
2 0.630602 0.484037 0.336982 0.451107
0 0.293873 0.846354 0.1153 0.150022
1 0.318827 0.641319 0.167516 0.258951
1 0.163998 0.522967 0.221498 0.286124
1 0.538773 0.212761 0.207509 0.252248
1 0.757026 0.155457 0.187553 0.254189
1 0.941663 0.343619 0.116674 0.27318
1 0.161129 0.331821 0.209666 0.28992
1 0.366352 0.249577 0.207166 0.272097
1 0.213505 0.135528 0.223971 0.239108
