1 0.654314 0.0912689 0.184448 0.180814
1 0.672738 0.709415 0.226998 0.246954
1 0.0918906 0.791319 0.181537 0.291248
2 0.251236 0.428236 0.295815 0.455509
1 0.524671 0.500294 0.176295 0.22837
1 0.71402 0.265773 0.211488 0.295422
1 0.0376562 0.280976 0.0753124 0.272303
1 0.391658 0.640711 0.279161 0.348352
0 0.800325 0.322599 0.091648 0.100813
1 0.69594 0.514115 0.203621 0.254672
1 0.343248 0.886878 0.190214 0.224694
1 0.197584 0.205165 0.245655 0.260248
1 0.815584 0.551093 0.227668 0.258771
1 0.0286981 0.570261 0.0573962 0.346918
