1 0.323349 0.317485 0.198214 0.278929
1 0.131427 0.835148 0.19897 0.239305
1 0.327688 0.747453 0.202081 0.241026
1 0.775333 0.133995 0.182318 0.254042
1 0.446276 0.888857 0.175571 0.222174
1 0.601406 0.811638 0.197813 0.268259
1 0.490255 0.357974 0.201576 0.293702
1 0.167243 0.256171 0.16883 0.230553
1 0.316398 0.539946 0.199816 0.244606
1 0.45584 0.133932 0.18019 0.254779
1 0.623121 0.178545 0.175265 0.22988
1 0.541854 0.554242 0.179142 0.245168
1 0.171443 0.66454 0.152307 0.189318
1 0.0390372 0.390816 0.0780743 0.308354
1 0.753595 0.629828 0.200597 0.285725
0 0.731588 0.422027 0.132444 0.191362
0 0.0154715 0.177212 0.030943 0.076469
