1 0.206333 0.804434 0.217388 0.305517
1 0.6288 0.225713 0.207081 0.280527
1 0.299928 0.465973 0.182134 0.246844
1 0.416683 0.326311 0.182946 0.263787
1 0.0825131 0.533389 0.163466 0.330661
1 0.638795 0.472012 0.278919 0.286322
0 0.481246 0.696498 0.133212 0.181016
1 0.118382 0.382137 0.189018 0.231286
2 0.416684 0.717332 0.282368 0.31072
1 0.304389 0.114684 0.184169 0.228828
1 0.0676082 0.232154 0.135117 0.22517
1 0.237108 0.24895 0.218137 0.290123
1 0.0688125 0.291298 0.137625 0.352454
1 0.836343 0.92337 0.165677 0.148973
1 0.680742 0.464068 0.196277 0.268225
