1 0.915408 0.445415 0.169183 0.288256
1 0.795708 0.707966 0.210233 0.265117
1 0.20786 0.315796 0.202311 0.273993
1 0.33161 0.727825 0.240726 0.286868
1 0.929161 0.673219 0.141597 0.295767
1 0.509208 0.87783 0.186696 0.24434
1 0.186982 0.835566 0.202418 0.26088
1 0.444269 0.421179 0.259554 0.308813
1 0.779112 0.495873 0.188408 0.246045
1 0.694923 0.851808 0.189098 0.255588
1 0.561505 0.682354 0.198015 0.250447
1 0.620355 0.498813 0.21072 0.275105
1 0.958199 0.286779 0.0835745 0.254507
1 0.677225 0.302869 0.216337 0.267724
