1 0.795437 0.802687 0.195961 0.252204
0 0.189002 0.581152 0.0834127 0.106729
1 0.625828 0.874158 0.185827 0.24908
1 0.441221 0.904065 0.230348 0.185347
0 0.223714 0.368968 0.130581 0.180719
1 0.845581 0.288955 0.137279 0.250463
1 0.419025 0.271324 0.220368 0.294386
1 0.58552 0.30659 0.233423 0.27308
1 0.0438893 0.632775 0.0875964 0.332241
1 0.0958794 0.616199 0.183152 0.262536
1 0.440069 0.701247 0.219675 0.327434
2 0.263315 0.414379 0.229951 0.298519
1 0.305211 0.730143 0.180006 0.251096
1 0.26323 0.412502 0.229368 0.30146
