1 0.262444 0.446708 0.224055 0.298661
1 0.600931 0.538717 0.198278 0.250584
1 0.797778 0.571341 0.192677 0.260468
1 0.72024 0.779894 0.183873 0.235698
1 0.916347 0.468378 0.167306 0.291035
2 0.572693 0.238273 0.310867 0.361173
1 0.443267 0.478306 0.200434 0.234922
1 0.153669 0.593057 0.140378 0.274694
1 0.642034 0.865478 0.182266 0.237759
1 0.954063 0.699531 0.0916849 0.312618
1 0.357497 0.282021 0.234461 0.315326
0 0.649374 0.240998 0.141437 0.184794
1 0.403169 0.698419 0.274775 0.325218
1 0.829065 0.359775 0.187557 0.265078
1 0.434648 0.719992 0.215531 0.28136
