1 0.14854 0.858417 0.242244 0.281804
1 0.419018 0.659312 0.223043 0.299247
1 0.157253 0.553595 0.209976 0.275138
1 0.352723 0.139046 0.235628 0.278091
1 0.27036 0.349628 0.218415 0.264058
2 0.522171 0.339697 0.34013 0.43987
1 0.728295 0.498672 0.259491 0.294565
1 0.646493 0.759629 0.242722 0.27148
1 0.179248 0.158463 0.183225 0.276911
1 0.0526372 0.730918 0.105274 0.306136
1 0.0479426 0.403848 0.0958851 0.332153
1 0.891654 0.251229 0.136471 0.32363
0 0.136466 0.391289 0.0799826 0.09024
1 0.355319 0.882778 0.222692 0.231149
