1 0.163203 0.599536 0.206274 0.289791
1 0.170516 0.372774 0.203082 0.280241
1 0.809084 0.588145 0.240105 0.293519
1 0.337274 0.616931 0.205736 0.267742
1 0.337756 0.886738 0.188393 0.224962
1 0.642849 0.761149 0.189231 0.25318
1 0.331493 0.409898 0.187334 0.243711
1 0.93385 0.676524 0.132299 0.269764
1 0.894198 0.176141 0.20706 0.27259
1 0.0839673 0.204642 0.167502 0.225229
1 0.454015 0.745151 0.187619 0.251472
1 0.571851 0.568943 0.198789 0.252712
1 0.494809 0.394859 0.210731 0.27761
1 0.954373 0.381602 0.0912537 0.407382
1 0.671973 0.300117 0.227358 0.282124
