1 0.280189 0.709941 0.203487 0.257633
1 0.442747 0.33111 0.19415 0.287823
1 0.62303 0.250655 0.188498 0.252911
1 0.319996 0.898983 0.187686 0.200539
1 0.347171 0.51648 0.195991 0.248923
1 0.572391 0.466197 0.213105 0.291387
1 0.75377 0.391195 0.176806 0.23512
1 0.0857411 0.665235 0.171157 0.254069
1 0.904326 0.445253 0.191051 0.254635
1 0.121138 0.173739 0.182241 0.287838
1 0.492471 0.900994 0.209579 0.194379
1 0.322864 0.183969 0.178044 0.236727
1 0.542478 0.679746 0.186221 0.224346
1 0.761717 0.212513 0.178653 0.174263
1 0.174188 0.538885 0.153847 0.19949
1 0.699561 0.864954 0.20021 0.265248
