1 0.552033 0.265848 0.256114 0.333933
1 0.83741 0.393714 0.186175 0.242837
0 0.145956 0.601949 0.0841921 0.112919
1 0.582566 0.720882 0.260333 0.319925
1 0.0795849 0.450809 0.156559 0.270613
1 0.359555 0.505589 0.181044 0.234136
1 0.215395 0.462307 0.20911 0.242057
0 0.243364 0.712336 0.135672 0.171194
1 0.935135 0.58671 0.129731 0.367063
2 0.266984 0.800007 0.326329 0.392221
0 0.928649 0.671316 0.0678198 0.0851809
1 0.691283 0.880836 0.217784 0.234138
0 0.192956 0.830456 0.0981291 0.120475
1 0.385496 0.393396 0.185366 0.227919
0 0.529605 0.519755 0.0714369 0.0933889
1 0.931805 0.133844 0.135349 0.267688
