1 0.423803 0.653792 0.240389 0.30286
1 0.190328 0.666899 0.21671 0.258385
1 0.341066 0.24243 0.203973 0.276974
1 0.902809 0.695099 0.194382 0.30123
1 0.621793 0.504034 0.198801 0.236406
1 0.631139 0.242386 0.210465 0.266159
1 0.927076 0.150449 0.145358 0.286406
1 0.50718 0.110164 0.182846 0.220329
1 0.300497 0.462615 0.201199 0.256554
2 0.601038 0.752311 0.306135 0.346449
1 0.526739 0.364053 0.193932 0.301971
1 0.770691 0.469207 0.228739 0.268388
1 0.202534 0.283318 0.184835 0.2115
1 0.941591 0.460109 0.11623 0.305621
