1 0.784461 0.39593 0.192864 0.262833
1 0.560117 0.350659 0.212659 0.268685
1 0.924049 0.374235 0.151902 0.28826
0 0.195681 0.839007 0.116689 0.154829
1 0.856046 0.812158 0.196831 0.260128
1 0.397299 0.502102 0.206619 0.275
2 0.597543 0.643838 0.338791 0.458882
1 0.258763 0.661205 0.162494 0.257778
1 0.387988 0.30884 0.209863 0.267325
1 0.950034 0.887302 0.0996624 0.221756
1 0.929261 0.680217 0.141477 0.287705
1 0.133508 0.482181 0.222563 0.27342
1 0.16932 0.296231 0.215542 0.296444
1 0.761388 0.907449 0.207088 0.182574
