1 0.406501 0.261769 0.199985 0.27123
1 0.569623 0.444141 0.207927 0.292841
1 0.234816 0.311347 0.202298 0.26637
1 0.914415 0.591745 0.171169 0.252777
0 0.819177 0.616842 0.0807573 0.101427
1 0.599853 0.22465 0.244173 0.285183
1 0.727562 0.452445 0.190675 0.247467
2 0.72975 0.765236 0.241971 0.304173
1 0.247028 0.136423 0.213761 0.263339
1 0.392828 0.828123 0.228193 0.287152
1 0.133711 0.817208 0.137519 0.236336
1 0.555298 0.871278 0.218462 0.257445
1 0.929843 0.330628 0.13921 0.307079
1 0.966249 0.590375 0.0670784 0.313759
1 0.422506 0.536671 0.192732 0.275981
