1 0.793592 0.227515 0.199653 0.242491
1 0.857885 0.478289 0.194568 0.282487
1 0.498447 0.656072 0.183992 0.259405
1 0.532947 0.863896 0.192581 0.259402
2 0.323682 0.46402 0.449424 0.492491
1 0.616463 0.14018 0.184944 0.239178
1 0.687814 0.564089 0.220148 0.293115
1 0.683339 0.830331 0.219405 0.286197
1 0.439716 0.119131 0.205185 0.238263
1 0.12813 0.168401 0.248114 0.317779
1 0.921887 0.320985 0.156225 0.250454
1 0.0573882 0.506236 0.114776 0.303924
1 0.604981 0.546485 0.196018 0.292318
1 0.652651 0.93227 0.172308 0.131373
