1 0.713236 0.741705 0.236532 0.291157
1 0.0872952 0.334977 0.173899 0.279584
1 0.41946 0.461449 0.197056 0.260962
1 0.392756 0.204131 0.171649 0.230385
1 0.56461 0.808551 0.232605 0.301428
2 0.341144 0.723655 0.306235 0.389905
1 0.243788 0.323052 0.205873 0.236731
1 0.71804 0.38987 0.220635 0.299816
1 0.50787 0.190899 0.173263 0.227458
1 0.634326 0.427859 0.201166 0.272022
1 0.545762 0.609424 0.184695 0.245482
0 0.979118 0.457294 0.0416161 0.0993286
0 0.257745 0.674061 0.117148 0.190264
1 0.880171 0.717554 0.163091 0.265744
1 0.0896667 0.124566 0.178426 0.249132
