1 0.182905 0.789303 0.191465 0.264908
1 0.28009 0.625255 0.184988 0.262065
2 0.51363 0.549083 0.44941 0.503483
1 0.776009 0.392575 0.22751 0.318348
1 0.154532 0.0971792 0.201934 0.193637
1 0.511437 0.169531 0.197211 0.264044
1 0.339622 0.105765 0.17278 0.21153
1 0.0568555 0.245051 0.113711 0.288313
1 0.0837983 0.676005 0.167597 0.268367
1 0.129585 0.446689 0.207741 0.281107
1 0.276026 0.336089 0.196937 0.226013
1 0.0606897 0.818368 0.121379 0.213754
1 0.785725 0.77179 0.231441 0.301375
1 0.216337 0.449156 0.191041 0.257207
