1 0.351953 0.331616 0.175666 0.268699
1 0.226993 0.223083 0.191214 0.258483
1 0.149089 0.800493 0.209 0.266095
1 0.658906 0.664187 0.191085 0.273728
1 0.502842 0.810413 0.17504 0.236488
1 0.079678 0.251842 0.159356 0.246291
1 0.119435 0.387412 0.228801 0.272099
1 0.868181 0.300227 0.246333 0.361318
1 0.309761 0.528211 0.216451 0.245299
2 0.591058 0.292606 0.44529 0.508724
1 0.39687 0.599478 0.200185 0.244697
1 0.32221 0.893368 0.195087 0.206253
1 0.977237 0.437472 0.0454809 0.313881
1 0.232528 0.564161 0.210103 0.286755
