1 0.563572 0.32437 0.202071 0.287151
1 0.888141 0.294694 0.191427 0.251522
1 0.374574 0.795687 0.182601 0.251953
1 0.544703 0.800559 0.205378 0.25875
1 0.0963329 0.542751 0.191708 0.254795
1 0.304883 0.57923 0.208995 0.254712
1 0.412253 0.192061 0.181782 0.274903
1 0.730843 0.246501 0.173329 0.23318
1 0.345037 0.387522 0.190522 0.249988
0 0.775309 0.541644 0.143071 0.173244
1 0.58324 0.120485 0.177888 0.240971
1 0.557176 0.542623 0.186554 0.231283
1 0.741434 0.733878 0.197414 0.274756
1 0.0803014 0.0975557 0.160603 0.195111
1 0.979024 0.22733 0.0419006 0.320204
1 0.271269 0.0885759 0.168478 0.174735
