1 0.172137 0.764884 0.200108 0.262429
1 0.716802 0.395293 0.191962 0.263304
2 0.342181 0.247328 0.418058 0.494655
1 0.441236 0.83848 0.217729 0.267827
1 0.510382 0.567691 0.182721 0.253644
1 0.0993021 0.558121 0.197392 0.283702
1 0.353437 0.60554 0.177576 0.249611
1 0.4991 0.3669 0.165461 0.225477
1 0.669694 0.714087 0.204921 0.281172
1 0.0442054 0.768508 0.0884108 0.253221
1 0.796785 0.610207 0.222902 0.285074
1 0.0665358 0.925655 0.133072 0.144204
1 0.622102 0.709025 0.226533 0.270932
1 0.76057 0.789774 0.206507 0.273025
1 0.927285 0.228286 0.144765 0.200634
