1 0.352979 0.355652 0.202857 0.252964
1 0.148501 0.399599 0.199894 0.262093
1 0.648558 0.606717 0.215284 0.292778
1 0.424267 0.548377 0.192182 0.256806
1 0.559012 0.131448 0.203291 0.257191
1 0.526116 0.736285 0.185486 0.285195
1 0.833181 0.673613 0.173352 0.23026
1 0.385668 0.141559 0.190785 0.249174
1 0.70804 0.817185 0.191006 0.254423
1 0.408476 0.880527 0.172074 0.230651
1 0.945821 0.622424 0.107444 0.252296
1 0.204902 0.873038 0.181694 0.250288
1 0.61816 0.389958 0.181309 0.230047
1 0.251718 0.522704 0.148377 0.202469
2 0.834682 0.25324 0.330003 0.50648
1 0.767296 0.187061 0.204806 0.289036
