1 0.815551 0.232163 0.207291 0.267736
1 0.44832 0.630683 0.195535 0.244672
1 0.335802 0.452459 0.207043 0.265
1 0.097374 0.115857 0.172969 0.189835
1 0.0976225 0.762495 0.183048 0.313817
2 0.78736 0.731067 0.357207 0.443608
1 0.84997 0.449407 0.187079 0.229249
1 0.196095 0.549691 0.189837 0.254632
1 0.951583 0.336297 0.0964641 0.305402
1 0.963463 0.566505 0.0728644 0.244338
1 0.58264 0.704043 0.133129 0.247107
1 0.672727 0.267194 0.195289 0.232207
1 0.733226 0.445773 0.187586 0.237611
1 0.6234 0.940117 0.172784 0.116423
