1 0.267282 0.380404 0.211039 0.279165
1 0.471111 0.890185 0.204505 0.219081
1 0.776226 0.764457 0.21829 0.299425
1 0.0977629 0.347742 0.195526 0.279611
0 0.43907 0.26545 0.1378 0.176248
1 0.0936304 0.892317 0.186827 0.21285
0 0.511315 0.193218 0.14192 0.183239
1 0.815324 0.49038 0.212158 0.294701
0 0.373992 0.643975 0.0761552 0.0907511
1 0.48228 0.611748 0.177746 0.254678
2 0.490075 0.271302 0.283076 0.37026
1 0.776213 0.113745 0.180042 0.227489
0 0.512954 0.179442 0.116291 0.145273
1 0.0988852 0.693595 0.197717 0.301435
