1 0.68178 0.27835 0.209202 0.287031
1 0.505091 0.873176 0.211449 0.253648
1 0.193324 0.8366 0.209107 0.289126
1 0.863125 0.188216 0.224178 0.267337
1 0.16239 0.188553 0.176189 0.251862
0 0.493798 0.231009 0.14562 0.163343
2 0.448963 0.247594 0.282985 0.378356
1 0.893886 0.764686 0.209361 0.295843
1 0.327957 0.881485 0.197322 0.234001
0 0.586596 0.57432 0.0785593 0.0973956
1 0.469159 0.575468 0.193422 0.270727
1 0.887637 0.42243 0.224727 0.344422
0 0.414906 0.178488 0.119065 0.158431
1 0.286792 0.461656 0.174581 0.250358
