1 0.87789 0.217344 0.18849 0.254424
1 0.210439 0.162509 0.193062 0.253511
1 0.183198 0.689216 0.223144 0.283759
1 0.148896 0.450227 0.153756 0.283256
1 0.762009 0.85039 0.223398 0.228519
2 0.429423 0.426051 0.291128 0.440318
1 0.22884 0.897367 0.226641 0.200898
0 0.95629 0.544782 0.0840378 0.103999
1 0.5135 0.687468 0.284193 0.318195
1 0.416762 0.894766 0.195455 0.19448
1 0.910554 0.77816 0.178893 0.258317
1 0.422739 0.171109 0.240501 0.253151
1 0.725787 0.224449 0.213797 0.252641
1 0.887731 0.454847 0.208841 0.284717
