1 0.722568 0.773175 0.204542 0.270052
1 0.514443 0.599808 0.191939 0.272741
1 0.751953 0.526924 0.280025 0.307666
1 0.412817 0.419994 0.188446 0.254078
1 0.351821 0.109307 0.219002 0.218613
1 0.176273 0.278915 0.227133 0.327021
1 0.388117 0.776426 0.176266 0.237071
1 0.149013 0.564492 0.166129 0.224315
0 0.615325 0.264719 0.131784 0.14799
2 0.54741 0.204772 0.287334 0.334245
1 0.648797 0.850215 0.1716 0.20887
0 0.506972 0.156913 0.161969 0.188172
1 0.334771 0.611607 0.229924 0.299823
1 0.910539 0.379684 0.178923 0.347175
