1 0.341639 0.652531 0.201356 0.257601
1 0.217003 0.698447 0.183236 0.240738
1 0.138852 0.504574 0.191413 0.263654
1 0.518161 0.76442 0.22324 0.267522
1 0.70608 0.317219 0.21156 0.280397
1 0.711856 0.894663 0.18779 0.210427
0 0.239028 0.208043 0.126397 0.151378
2 0.300324 0.163654 0.281182 0.32297
1 0.899201 0.695003 0.185956 0.326906
1 0.0753196 0.668412 0.150639 0.232171
1 0.195394 0.337478 0.244231 0.212076
1 0.565454 0.450857 0.203108 0.36638
1 0.644357 0.16869 0.244821 0.255974
1 0.0404815 0.511464 0.080963 0.333529
