1 0.335153 0.8544 0.247094 0.291201
1 0.371586 0.617118 0.232364 0.291632
1 0.0922368 0.340202 0.181935 0.311652
2 0.338573 0.301585 0.43185 0.581292
1 0.713511 0.141981 0.198286 0.242268
1 0.856746 0.281582 0.180522 0.253538
1 0.761792 0.523383 0.220864 0.299995
1 0.0744292 0.854508 0.148858 0.289577
1 0.592741 0.800814 0.248115 0.289244
1 0.562968 0.442164 0.175093 0.257578
0 0.0515218 0.525616 0.0698082 0.0965007
1 0.80337 0.0803585 0.186896 0.160717
1 0.737854 0.31064 0.226311 0.234951
1 0.519508 0.618187 0.232573 0.266425
