1 0.353298 0.319828 0.20281 0.252964
1 0.398536 0.757065 0.191132 0.284193
1 0.565139 0.721125 0.2046 0.304792
1 0.363585 0.530461 0.201689 0.242202
1 0.141358 0.219978 0.20194 0.248996
1 0.615961 0.263326 0.210417 0.272055
1 0.24739 0.805246 0.174876 0.22813
1 0.449524 0.160047 0.186184 0.261164
1 0.0710135 0.665523 0.141175 0.306299
1 0.716123 0.894817 0.182559 0.207039
1 0.877875 0.913569 0.191792 0.169817
1 0.591889 0.518399 0.189941 0.25207
1 0.557578 0.906958 0.184678 0.179537
2 0.841545 0.560778 0.31691 0.578252
1 0.202618 0.397021 0.152131 0.194202
