1 0.589369 0.137636 0.20543 0.254718
1 0.531874 0.734551 0.202694 0.283414
1 0.124927 0.160595 0.228341 0.317207
1 0.664759 0.888853 0.212639 0.219977
2 0.305548 0.622587 0.270339 0.370548
0 0.341682 0.676266 0.14041 0.163982
1 0.894564 0.46441 0.210873 0.285892
1 0.435167 0.358437 0.219386 0.242364
1 0.0483686 0.517118 0.0967372 0.293288
1 0.828732 0.931888 0.175225 0.132817
0 0.55688 0.435152 0.0720838 0.0930595
0 0.282419 0.526769 0.123619 0.144617
0 0.256602 0.674088 0.119262 0.166112
1 0.973512 0.273096 0.0529282 0.30303
