1 0.199484 0.803327 0.240674 0.290232
1 0.894733 0.368867 0.163063 0.213456
1 0.728385 0.402851 0.201331 0.293387
1 0.075537 0.660907 0.150557 0.304943
2 0.492109 0.783079 0.362262 0.433843
1 0.271646 0.59 0.196202 0.249315
0 0.876386 0.254162 0.0788982 0.105083
1 0.623208 0.311763 0.213686 0.283214
0 0.338561 0.0744136 0.0861803 0.106865
1 0.359132 0.523717 0.194989 0.244586
1 0.351361 0.239358 0.21206 0.264544
1 0.210079 0.408822 0.186953 0.258183
0 0.0255921 0.478227 0.0511842 0.101286
1 0.0289968 0.245201 0.0579935 0.336313
