1 0.748118 0.536817 0.246271 0.327204
1 0.281632 0.81688 0.202084 0.272808
1 0.529685 0.565667 0.188258 0.25622
1 0.194147 0.639778 0.223647 0.277368
1 0.290886 0.426139 0.22 0.258141
1 0.908849 0.646462 0.182303 0.269638
1 0.482545 0.887459 0.210455 0.223831
1 0.111754 0.448999 0.157446 0.277366
2 0.285278 0.17201 0.345428 0.331505
1 0.543099 0.382696 0.18773 0.26314
1 0.594343 0.738391 0.190799 0.236597
1 0.52158 0.124676 0.19186 0.242465
1 0.639769 0.241383 0.207787 0.244418
1 0.854815 0.189958 0.225216 0.285161
1 0.370371 0.583704 0.215269 0.301529
