1 0.605646 0.218947 0.255781 0.335486
1 0.873576 0.457225 0.187738 0.246099
0 0.180404 0.373786 0.0827728 0.111218
1 0.595447 0.686131 0.2504 0.311828
0 0.268432 0.529194 0.135022 0.184887
2 0.281572 0.625924 0.310406 0.427153
1 0.260542 0.264855 0.206991 0.22598
1 0.941031 0.717533 0.117875 0.377489
0 0.56115 0.45837 0.0756939 0.0927246
1 0.399005 0.36897 0.177043 0.231162
1 0.131289 0.186808 0.142582 0.262656
0 0.932848 0.776009 0.0683495 0.0840169
1 0.960921 0.257601 0.0781579 0.307381
1 0.681305 0.883692 0.227722 0.230454
