1 0.879477 0.245454 0.193514 0.247263
1 0.673864 0.341517 0.203316 0.259034
1 0.612661 0.777485 0.196847 0.281125
1 0.408465 0.273887 0.207808 0.268495
1 0.937711 0.701872 0.124578 0.30394
1 0.656824 0.548574 0.200679 0.240531
1 0.450961 0.733877 0.205008 0.308712
1 0.765706 0.831133 0.176347 0.232722
1 0.578889 0.177222 0.185185 0.261662
1 0.296183 0.899714 0.178161 0.197538
1 0.428841 0.530643 0.188873 0.24922
1 0.135382 0.917423 0.190427 0.161321
2 0.167954 0.560772 0.331782 0.571185
1 0.454753 0.916777 0.182152 0.158923
1 0.22379 0.447926 0.216204 0.298345
