1 0.757941 0.190643 0.189625 0.256788
1 0.365826 0.61151 0.277136 0.29428
1 0.600908 0.812389 0.21366 0.233354
2 0.300044 0.335105 0.290373 0.427546
0 0.815605 0.531814 0.0760776 0.0960596
1 0.0487925 0.307501 0.0975849 0.30016
1 0.0886947 0.783695 0.177183 0.221944
1 0.0774753 0.560818 0.154176 0.28879
1 0.762221 0.433889 0.195724 0.285344
1 0.676496 0.66483 0.195829 0.275737
1 0.770882 0.771991 0.226847 0.27645
1 0.259028 0.805519 0.188186 0.192003
1 0.607352 0.180782 0.213859 0.262356
1 0.525576 0.549681 0.174846 0.219355
