1 0.36196 0.309315 0.210897 0.268904
1 0.65277 0.532705 0.191821 0.246512
1 0.155672 0.753556 0.193969 0.280906
1 0.79241 0.470035 0.166827 0.234619
1 0.585601 0.332536 0.220491 0.317233
2 0.37217 0.639035 0.350801 0.456049
1 0.747697 0.689254 0.224957 0.262582
1 0.292728 0.900975 0.201736 0.190619
1 0.0671407 0.562492 0.133825 0.260864
0 0.0388102 0.369684 0.076326 0.148842
1 0.590973 0.107445 0.224208 0.214891
0 0.406181 0.519001 0.126757 0.146503
1 0.117685 0.908039 0.197876 0.180046
1 0.516814 0.899979 0.175085 0.175831
