2 0.573837 0.20522 0.364914 0.41044
1 0.870089 0.711578 0.162579 0.209072
1 0.0964681 0.742719 0.191142 0.268536
1 0.294085 0.133458 0.244706 0.266917
1 0.32533 0.340685 0.179228 0.253681
1 0.115008 0.217853 0.228057 0.310397
1 0.599243 0.713178 0.209429 0.283536
1 0.388458 0.426268 0.203559 0.266655
0 0.830982 0.817702 0.0804461 0.103584
1 0.725872 0.622977 0.186306 0.306615
0 0.275548 0.882513 0.0873791 0.108495
1 0.804369 0.237762 0.193966 0.279671
1 0.665452 0.429287 0.221313 0.311124
0 0.050494 0.396561 0.0817453 0.105284
1 0.030297 0.606651 0.0605651 0.306734
1 0.314941 0.721698 0.230905 0.270617
