1 0.242627 0.234263 0.250674 0.299205
1 0.545889 0.404387 0.217468 0.271232
1 0.374763 0.474301 0.229436 0.329942
1 0.677603 0.510743 0.192821 0.267536
1 0.257224 0.704275 0.208645 0.250547
1 0.8353 0.41081 0.190112 0.247751
1 0.882659 0.132595 0.234682 0.265189
1 0.158782 0.449849 0.188751 0.258136
1 0.956849 0.803414 0.0861958 0.272271
1 0.639046 0.239343 0.190463 0.22427
2 0.674654 0.783241 0.342149 0.420434
1 0.0698678 0.252258 0.13443 0.282902
1 0.872026 0.837312 0.173917 0.260917
1 0.954365 0.106826 0.0912573 0.213651
