1 0.454436 0.869754 0.24233 0.260492
1 0.837179 0.7673 0.201558 0.271436
0 0.297437 0.488542 0.085092 0.105623
2 0.403985 0.329603 0.240081 0.305457
1 0.191747 0.515551 0.170696 0.261469
1 0.09195 0.534533 0.169486 0.285554
1 0.676559 0.555043 0.185518 0.25334
1 0.367244 0.648002 0.199586 0.257484
1 0.754656 0.255264 0.220386 0.273639
0 0.373091 0.292975 0.127991 0.174651
1 0.518091 0.631406 0.235517 0.330566
1 0.655864 0.830448 0.20893 0.287356
1 0.103889 0.789272 0.207778 0.300323
1 0.973387 0.265225 0.0531833 0.308553
1 0.783557 0.895753 0.234987 0.201048
