1 0.878411 0.384193 0.196914 0.282245
1 0.633812 0.727705 0.182034 0.230385
1 0.541946 0.506348 0.194743 0.257539
1 0.211644 0.461422 0.218843 0.295594
1 0.736931 0.511466 0.203634 0.269233
1 0.546721 0.824107 0.175726 0.238087
1 0.329589 0.700718 0.268924 0.300529
1 0.323814 0.286798 0.228475 0.303332
1 0.0926201 0.627541 0.132866 0.273229
1 0.391328 0.466443 0.191664 0.22573
2 0.541192 0.210808 0.310678 0.350913
1 0.962316 0.268406 0.0753683 0.299903
1 0.915711 0.596304 0.168579 0.308763
0 0.614121 0.193074 0.144882 0.179572
