1 0.73139 0.885681 0.219089 0.226682
1 0.893543 0.71852 0.212913 0.339967
1 0.358329 0.21166 0.205899 0.275916
1 0.665001 0.564001 0.185673 0.25827
1 0.561756 0.391322 0.194001 0.283833
1 0.741603 0.38475 0.231432 0.309159
1 0.924689 0.426649 0.150621 0.228239
0 0.457226 0.715791 0.126182 0.15652
1 0.686568 0.209731 0.179285 0.226936
2 0.527123 0.770973 0.285242 0.3317
1 0.288486 0.440577 0.195836 0.265332
1 0.364757 0.467491 0.207765 0.282304
1 0.852939 0.537898 0.186438 0.224232
1 0.0895917 0.863475 0.161735 0.250072
1 0.956356 0.545547 0.0872809 0.264058
