1 0.285696 0.565763 0.212418 0.327673
1 0.144128 0.324866 0.183329 0.245302
1 0.750867 0.880462 0.224902 0.238578
1 0.876543 0.784435 0.193594 0.265825
1 0.811011 0.589122 0.240032 0.301176
1 0.635516 0.543277 0.236596 0.27353
1 0.607579 0.772283 0.197234 0.263384
1 0.755165 0.324069 0.180065 0.289054
2 0.51815 0.286245 0.411275 0.490048
1 0.867091 0.210181 0.175888 0.218273
1 0.078746 0.568007 0.155869 0.292828
0 0.622337 0.11596 0.0783297 0.100844
1 0.959615 0.732106 0.0806738 0.258854
0 0.617539 0.326339 0.155312 0.219273
1 0.284376 0.886728 0.188796 0.223303
