1 0.769422 0.368584 0.203452 0.280851
1 0.599039 0.656037 0.200004 0.25782
1 0.773794 0.594675 0.205203 0.284615
1 0.128032 0.740462 0.242322 0.285827
1 0.607812 0.445036 0.181985 0.23741
1 0.288475 0.872731 0.188107 0.25394
1 0.0804435 0.341629 0.158621 0.285487
1 0.280693 0.420462 0.25662 0.295734
1 0.36343 0.665601 0.194397 0.251809
1 0.479061 0.810948 0.185119 0.246913
1 0.596422 0.903454 0.190163 0.189608
1 0.525628 0.261751 0.20685 0.24864
1 0.448953 0.464923 0.197514 0.263736
1 0.0341662 0.857512 0.0683323 0.284976
1 0.871739 0.192353 0.17517 0.20772
