1 0.239495 0.70623 0.197623 0.272767
1 0.846514 0.254834 0.23025 0.272912
1 0.213077 0.480342 0.202272 0.282822
1 0.929452 0.630488 0.141096 0.29042
1 0.387548 0.400816 0.202348 0.263744
1 0.158526 0.89123 0.168771 0.194571
1 0.396125 0.606491 0.18349 0.236277
1 0.620627 0.353271 0.187623 0.245454
1 0.496088 0.775208 0.204934 0.253096
1 0.723482 0.582708 0.261894 0.291657
1 0.950318 0.124026 0.0993631 0.248053
1 0.360736 0.123907 0.186735 0.247813
1 0.554951 0.564525 0.197421 0.262846
1 0.48749 0.231417 0.177275 0.237056
1 0.978672 0.353475 0.0426479 0.323995
