1 0.737942 0.584941 0.201463 0.237638
1 0.74593 0.795971 0.205408 0.241055
1 0.704126 0.362106 0.195199 0.284793
1 0.858666 0.301383 0.178905 0.238281
1 0.237145 0.191836 0.189954 0.256549
1 0.480894 0.869114 0.206705 0.261773
1 0.541937 0.409931 0.210032 0.297964
1 0.395194 0.236882 0.184256 0.228588
1 0.556657 0.186411 0.184826 0.263489
1 0.925397 0.875712 0.148801 0.242078
1 0.511896 0.611757 0.187475 0.248049
1 0.643799 0.914291 0.172998 0.167464
0 0.300724 0.486308 0.136126 0.186049
1 0.681183 0.153533 0.187572 0.202196
1 0.89456 0.706003 0.147301 0.189971
