1 0.171353 0.399414 0.225881 0.279273
1 0.403718 0.346085 0.250696 0.300006
1 0.340685 0.779426 0.210283 0.27954
1 0.879032 0.180454 0.241936 0.302908
1 0.291277 0.563763 0.199767 0.266111
1 0.753356 0.440339 0.213043 0.260833
1 0.514979 0.618582 0.202376 0.298122
1 0.509206 0.876996 0.185438 0.235341
1 0.924786 0.729964 0.150427 0.286051
1 0.744092 0.872124 0.199698 0.253864
1 0.620134 0.708463 0.220997 0.265519
2 0.568297 0.196436 0.319409 0.370558
1 0.930271 0.40425 0.139458 0.331012
1 0.189993 0.687919 0.214526 0.373509
