1 0.770553 0.495596 0.191577 0.241334
1 0.58515 0.514573 0.237187 0.272066
1 0.479966 0.733362 0.21138 0.270414
1 0.764713 0.789138 0.262394 0.269154
1 0.341876 0.812793 0.198981 0.273522
1 0.364951 0.58413 0.20369 0.25604
2 0.758505 0.21371 0.313523 0.406106
0 0.802668 0.136611 0.116538 0.189661
1 0.529929 0.230332 0.226826 0.3004
1 0.28307 0.40391 0.190036 0.283997
1 0.928568 0.522329 0.142863 0.366704
1 0.261734 0.184216 0.253532 0.311274
1 0.941739 0.303211 0.116522 0.272937
0 0.80249 0.113115 0.105216 0.152714
