1 0.766311 0.545154 0.191131 0.268861
1 0.173043 0.768823 0.210304 0.277482
1 0.169242 0.428822 0.19978 0.262731
2 0.608992 0.318431 0.382039 0.499991
1 0.443542 0.822811 0.22371 0.26249
1 0.840628 0.198623 0.214796 0.293717
1 0.33778 0.447426 0.215066 0.293407
1 0.908099 0.443303 0.179385 0.241726
1 0.854204 0.767386 0.177735 0.238355
1 0.11046 0.603297 0.136057 0.225667
1 0.977149 0.332996 0.0456034 0.288975
1 0.911992 0.579788 0.176016 0.292215
1 0.8509 0.892519 0.193401 0.21378
1 0.454713 0.590385 0.231433 0.276483
