1 0.281752 0.248502 0.197918 0.269675
1 0.161947 0.828553 0.208291 0.269077
1 0.673445 0.717957 0.195516 0.272236
1 0.893113 0.364609 0.213774 0.370922
1 0.507577 0.861743 0.182028 0.24466
1 0.392672 0.363 0.186339 0.274155
2 0.638005 0.33668 0.452956 0.521054
1 0.164169 0.410054 0.233562 0.272325
1 0.340415 0.562257 0.221264 0.25458
1 0.127279 0.268455 0.173779 0.244044
1 0.322335 0.911854 0.196345 0.17199
1 0.25311 0.59929 0.21081 0.287274
1 0.41637 0.638889 0.206685 0.246471
0 0.9377 0.703193 0.122972 0.146697
