1 0.471395 0.475497 0.221717 0.289945
1 0.729171 0.861483 0.190646 0.253784
1 0.555055 0.895836 0.208254 0.207195
1 0.127626 0.55768 0.200143 0.257238
1 0.416043 0.28054 0.194722 0.255609
1 0.287967 0.460704 0.177246 0.239486
1 0.769433 0.625622 0.212834 0.269269
1 0.602765 0.301594 0.194166 0.283786
1 0.698452 0.458721 0.207981 0.267526
1 0.939253 0.520324 0.121493 0.285831
1 0.502845 0.67939 0.190953 0.230339
0 0.277284 0.753526 0.15242 0.169121
1 0.914488 0.0974285 0.171025 0.194703
1 0.724044 0.12413 0.174103 0.235047
