1 0.160032 0.514348 0.218673 0.290739
1 0.491287 0.591918 0.194429 0.246643
1 0.829807 0.502146 0.1917 0.285698
1 0.685389 0.615141 0.197779 0.263588
1 0.593902 0.82352 0.181672 0.23075
1 0.0570324 0.661514 0.114065 0.294935
1 0.731448 0.404389 0.194214 0.262711
1 0.340378 0.536226 0.186601 0.226305
0 0.551048 0.28522 0.151656 0.18722
2 0.48335 0.295288 0.314299 0.357838
1 0.879964 0.696398 0.185243 0.236509
1 0.316531 0.775954 0.209818 0.276079
1 0.508243 0.894296 0.179111 0.205959
1 0.029631 0.405192 0.059262 0.301588
1 0.264632 0.347523 0.233174 0.299763
0 0.0272703 0.954562 0.0545329 0.0886564
