1 0.607977 0.630798 0.202515 0.289908
1 0.353205 0.333951 0.199646 0.250204
1 0.779013 0.736138 0.168855 0.229407
1 0.462586 0.739315 0.182532 0.286368
1 0.922051 0.715011 0.15582 0.251329
1 0.394528 0.535219 0.193668 0.245962
1 0.418575 0.132205 0.179843 0.247577
1 0.142257 0.335199 0.19706 0.251211
1 0.324172 0.858555 0.173248 0.231888
1 0.603745 0.417102 0.181695 0.228543
1 0.590006 0.152831 0.201029 0.249018
1 0.63301 0.856358 0.185799 0.250758
1 0.131944 0.827544 0.161604 0.285204
2 0.838071 0.310909 0.322145 0.579251
1 0.222634 0.476419 0.146855 0.198842
1 0.787785 0.24342 0.205242 0.2953
