1 0.29921875 0.4791666666666667 0.18125 0.24166666666666667
1 0.8703125 0.5739583333333333 0.165625 0.22916666666666666
1 0.73671875 0.6177083333333333 0.153125 0.24583333333333332
1 0.74453125 0.08854166666666667 0.1671875 0.17708333333333334
1 0.2046875 0.3458333333333333 0.115625 0.31875
1 0.078125 0.396875 0.15625 0.22708333333333333
1 0.32265625 0.28229166666666666 0.215625 0.2625
1 0.20390625 0.7791666666666667 0.16875 0.21875
1 0.13203125 0.81875 0.175 0.2125
1 0.4046875 0.7854166666666667 0.1703125 0.23333333333333334
1 0.8796875 0.27395833333333336 0.1578125 0.225
1 0.875 0.17708333333333334 0.165625 0.22083333333333333
1 0.52265625 0.6770833333333334 0.14375 0.23958333333333334
2 0.60234375 0.25416666666666665 0.3828125 0.46458333333333335