1 0.290625 0.9197916666666667 0.2 0.16041666666666668
1 0.31328125 0.7270833333333333 0.2265625 0.2708333333333333
1 0.234375 0.20833333333333334 0.2265625 0.2791666666666667
1 0.40390625 0.26666666666666666 0.215625 0.27291666666666664
1 0.903125 0.6583333333333333 0.19375 0.2708333333333333
1 0.82734375 0.7052083333333333 0.184375 0.22291666666666668
1 0.72578125 0.7645833333333333 0.1609375 0.22083333333333333
1 0.6265625 0.7854166666666667 0.1375 0.2125
1 0.55625 0.8125 0.1453125 0.22708333333333333
1 0.55234375 0.5916666666666667 0.196875 0.22708333333333333
1 0.75546875 0.4395833333333333 0.196875 0.22708333333333333
1 0.28203125 0.4708333333333333 0.225 0.3
2 0.09609375 0.8364583333333333 0.1578125 0.32708333333333334