1 0.89296875 0.41875 0.1671875 0.21875
1 0.57734375 0.24166666666666667 0.1984375 0.2875
1 0.0625 0.328125 0.125 0.23125
1 0.61796875 0.059375 0.2265625 0.11875
1 0.415625 0.11354166666666667 0.2125 0.22708333333333333
1 0.42734375 0.28958333333333336 0.2015625 0.26458333333333334
1 0.71484375 0.83125 0.2453125 0.27708333333333335
1 0.8 0.08020833333333334 0.203125 0.16041666666666668
1 0.20390625 0.8895833333333333 0.1859375 0.22083333333333333
1 0.61875 0.621875 0.2234375 0.25625
1 0.1328125 0.53125 0.2125 0.24791666666666667
1 0.17578125 0.33541666666666664 0.1984375 0.23958333333333334
0 0.1109375 0.7052083333333333 0.096875 0.11458333333333333
2 0.328125 0.5708333333333333 0.4921875 0.6395833333333333