1 0.1484375 0.296875 0.1609375 0.21875
1 0.171875 0.16354166666666667 0.1765625 0.22916666666666666
1 0.4 0.19479166666666667 0.1765625 0.22916666666666666
1 0.41171875 0.359375 0.1765625 0.22916666666666666
1 0.31640625 0.36666666666666664 0.1421875 0.19791666666666666
1 0.72734375 0.5270833333333333 0.16875 0.20625
1 0.8859375 0.5822916666666667 0.209375 0.21041666666666667
1 0.34375 0.6885416666666667 0.16875 0.22083333333333333
1 0.07578125 0.6072916666666667 0.1515625 0.2520833333333333
1 0.1140625 0.8322916666666667 0.2125 0.23333333333333334
1 0.90546875 0.778125 0.175 0.25625
1 0.88046875 0.140625 0.209375 0.19791666666666666
1 0.63984375 0.25416666666666665 0.175 0.25625
2 0.61328125 0.7697916666666667 0.4609375 0.46041666666666664