1 0.8640625 0.740625 0.178125 0.26875
1 0.8765625 0.9197916666666667 0.175 0.16041666666666668
1 0.6984375 0.928125 0.203125 0.14375
1 0.453125 0.8666666666666667 0.196875 0.25625
1 0.340625 0.496875 0.196875 0.26458333333333334
1 0.80078125 0.38125 0.1671875 0.23333333333333334
1 0.9296875 0.290625 0.140625 0.24791666666666667
1 0.67109375 0.21770833333333334 0.1671875 0.24791666666666667
1 0.50078125 0.25729166666666664 0.1671875 0.22916666666666666
1 0.31875 0.25104166666666666 0.190625 0.23333333333333334
1 0.1609375 0.09479166666666666 0.190625 0.18958333333333333
1 0.29765625 0.7385416666666667 0.16875 0.23125
1 0.5984375 0.08333333333333333 0.153125 0.15833333333333333
1 0.80390625 0.11354166666666667 0.184375 0.16041666666666668
2 0.62578125 0.64375 0.40625 0.525
0 0.21015625 0.4708333333333333 0.1171875 0.15416666666666667
0 0.20234375 0.828125 0.078125 0.09583333333333334