1 0.58125 0.13333333333333333 0.171875 0.21041666666666667
1 0.4125 0.09270833333333334 0.1609375 0.18541666666666667
1 0.88203125 0.6072916666666667 0.171875 0.2375
1 0.73671875 0.8489583333333334 0.171875 0.2375
1 0.55703125 0.7020833333333333 0.190625 0.23958333333333334
1 0.584375 0.5166666666666667 0.153125 0.2375
1 0.48515625 0.3572916666666667 0.153125 0.2375
1 0.5453125 0.30833333333333335 0.115625 0.17083333333333334
1 0.06796875 0.871875 0.10625 0.225
1 0.146875 0.7052083333333333 0.190625 0.23958333333333334
1 0.42421875 0.7833333333333333 0.1640625 0.23333333333333334
1 0.52734375 0.9145833333333333 0.1640625 0.17083333333333334
1 0.2765625 0.8145833333333333 0.19375 0.21875
1 0.815625 0.10833333333333334 0.171875 0.21666666666666667
1 0.05 0.14895833333333333 0.1 0.20208333333333334
2 0.27890625 0.48854166666666665 0.340625 0.45208333333333334
0 0.03125 0.33958333333333335 0.05625 0.06458333333333334