2 0.2734375 0.790625 0.2078125 0.275
1 0.61171875 0.3260416666666667 0.184375 0.2708333333333333
1 0.47421875 0.28229166666666666 0.1765625 0.21458333333333332
1 0.5234375 0.4552083333333333 0.1765625 0.21458333333333332
1 0.5015625 0.509375 0.1765625 0.21458333333333332
1 0.0890625 0.46458333333333335 0.178125 0.2791666666666667
1 0.07421875 0.5760416666666667 0.1484375 0.23958333333333334
1 0.19140625 0.6083333333333333 0.1546875 0.23958333333333334
1 0.23359375 0.540625 0.1546875 0.23958333333333334
1 0.290625 0.5125 0.1546875 0.23958333333333334
1 0.36171875 0.45625 0.1546875 0.23958333333333334
1 0.09296875 0.24270833333333333 0.1546875 0.23958333333333334
1 0.15546875 0.21770833333333334 0.1546875 0.23958333333333334
1 0.29296875 0.171875 0.1546875 0.23958333333333334
1 0.815625 0.8395833333333333 0.1515625 0.20625
1 0.92734375 0.690625 0.1453125 0.20625
1 0.8796875 0.1875 0.1515625 0.20625
1 0.8859375 0.3260416666666667 0.1765625 0.2375
1 0.85703125 0.4041666666666667 0.1765625 0.2375
1 0.8078125 0.06354166666666666 0.16875 0.12708333333333333
1 0.7078125 0.07916666666666666 0.16875 0.15833333333333333
1 0.69140625 0.109375 0.16875 0.18125
1 0.10703125 0.8739583333333333 0.1703125 0.24166666666666667
1 0.4515625 0.9541666666666667 0.153125 0.09166666666666666
1 0.65390625 0.7229166666666667 0.1953125 0.24791666666666667
1 0.69375 0.58125 0.1953125 0.24791666666666667
1 0.76875 0.5333333333333333 0.1953125 0.24791666666666667
0 0.7390625 0.23854166666666668 0.0734375 0.10625
0 0.37578125 0.18854166666666666 0.0578125 0.0875
1 0.91953125 0.5510416666666667 0.1609375 0.23125