2 0.32109375 0.503125 0.3484375 0.49583333333333335
1 0.63671875 0.4739583333333333 0.1546875 0.1875
1 0.71015625 0.38958333333333334 0.1546875 0.1875
1 0.7640625 0.26145833333333335 0.1546875 0.1875
1 0.778125 0.34479166666666666 0.159375 0.22708333333333333
1 0.8328125 0.35625 0.1265625 0.17916666666666667
1 0.83359375 0.5291666666666667 0.1859375 0.23125
1 0.13046875 0.80625 0.184375 0.2625
1 0.378125 0.14375 0.1671875 0.24166666666666667
1 0.57578125 0.19166666666666668 0.1671875 0.24166666666666667
1 0.5609375 0.25104166666666666 0.2046875 0.2520833333333333
1 0.4515625 0.26666666666666666 0.165625 0.21666666666666667
1 0.725 0.6739583333333333 0.1671875 0.23958333333333334
1 0.41796875 0.828125 0.1671875 0.23958333333333334
1 0.27421875 0.9010416666666666 0.2171875 0.19791666666666666
1 0.21015625 0.17395833333333333 0.1921875 0.2708333333333333
0 0.15078125 0.428125 0.0671875 0.1
1 0.5265625 0.9291666666666667 0.15625 0.14166666666666666
1 0.06796875 0.3489583333333333 0.1359375 0.23958333333333334