2 0.7078125 0.5729166666666666 0.2625 0.29375
1 0.5140625 0.2947916666666667 0.2015625 0.24166666666666667
1 0.85234375 0.425 0.15 0.20208333333333334
1 0.87109375 0.24791666666666667 0.2140625 0.225
1 0.625 0.8208333333333333 0.1625 0.21666666666666667
1 0.74296875 0.8395833333333333 0.1625 0.21666666666666667
1 0.8 0.8333333333333334 0.1625 0.21666666666666667
1 0.90625 0.828125 0.1625 0.21666666666666667
1 0.44296875 0.7520833333333333 0.1625 0.21666666666666667
1 0.27578125 0.7489583333333333 0.1625 0.21666666666666667
1 0.1640625 0.53125 0.1625 0.21666666666666667
1 0.159375 0.13333333333333333 0.1859375 0.23541666666666666
1 0.33984375 0.10729166666666666 0.1859375 0.20416666666666666
1 0.72421875 0.09583333333333334 0.1859375 0.19166666666666668
1 0.6984375 0.25 0.1859375 0.20625
0 0.953125 0.0625 0.0703125 0.09166666666666666
0 0.1203125 0.6604166666666667 0.05625 0.06666666666666667
1 0.3125 0.48125 0.2015625 0.24166666666666667
1 0.18125 0.9125 0.140625 0.175