1 0.446875 0.9020833333333333 0.14375 0.19583333333333333
1 0.74921875 0.8114583333333333 0.165625 0.21666666666666667
1 0.92890625 0.7395833333333334 0.1421875 0.21666666666666667
1 0.81015625 0.61875 0.165625 0.21666666666666667
1 0.85546875 0.06770833333333333 0.1671875 0.13541666666666666
1 0.6390625 0.10416666666666667 0.19375 0.20833333333333334
1 0.45703125 0.11875 0.1640625 0.2375
1 0.0796875 0.1125 0.159375 0.14583333333333334
1 0.0890625 0.36354166666666665 0.178125 0.23541666666666666
1 0.1078125 0.8979166666666667 0.178125 0.20416666666666666
1 0.37109375 0.7 0.20625 0.2520833333333333
1 0.44296875 0.5072916666666667 0.20625 0.2520833333333333
1 0.859375 0.37916666666666665 0.18125 0.20833333333333334
1 0.6125 0.6 0.203125 0.25
2 0.3109375 0.29791666666666666 0.35625 0.44166666666666665