1 0.3171875 0.16145833333333334 0.184375 0.19791666666666666
1 0.13359375 0.12083333333333333 0.1765625 0.19166666666666668
1 0.4125 0.7135416666666666 0.184375 0.19791666666666666
1 0.6921875 0.80625 0.1859375 0.22916666666666666
1 0.7234375 0.5708333333333333 0.1484375 0.23125
1 0.93203125 0.40208333333333335 0.1359375 0.26666666666666666
1 0.2953125 0.484375 0.15625 0.21666666666666667
1 0.45234375 0.30104166666666665 0.15625 0.21666666666666667
1 0.1640625 0.2625 0.159375 0.19166666666666668
1 0.51015625 0.8333333333333334 0.1796875 0.25416666666666665
2 0.63203125 0.30416666666666664 0.209375 0.28125
0 0.234375 0.5552083333333333 0.053125 0.07083333333333333
2 0.93125 0.6958333333333333 0.1359375 0.2604166666666667