1 0.89296875 0.45416666666666666 0.1796875 0.25
1 0.803125 0.69375 0.2203125 0.26458333333333334
1 0.0953125 0.39895833333333336 0.190625 0.24583333333333332
1 0.32890625 0.37083333333333335 0.171875 0.27291666666666664
1 0.6375 0.51875 0.2140625 0.25625
1 0.35234375 0.796875 0.171875 0.27291666666666664
1 0.51328125 0.7854166666666667 0.178125 0.29375
1 0.184375 0.14479166666666668 0.1796875 0.2125
1 0.65703125 0.9052083333333333 0.15 0.16458333333333333
1 0.33125 0.11354166666666667 0.16875 0.19583333333333333
1 0.8546875 0.04375 0.190625 0.0875
1 0.0578125 0.659375 0.1125 0.22083333333333333
1 0.94765625 0.825 0.1046875 0.22083333333333333