1 0.86875 0.6416666666666667 0.171875 0.24166666666666667
1 0.7296875 0.7666666666666667 0.225 0.27708333333333335
1 0.896875 0.359375 0.2015625 0.275
1 0.50390625 0.371875 0.21875 0.27708333333333335
1 0.16015625 0.5822916666666667 0.2046875 0.2708333333333333
1 0.70703125 0.39895833333333336 0.2265625 0.275
1 0.409375 0.621875 0.16875 0.22291666666666668
1 0.3046875 0.6947916666666667 0.16875 0.22291666666666668
1 0.05234375 0.7958333333333333 0.1046875 0.20416666666666666
1 0.1234375 0.33645833333333336 0.1859375 0.2125
1 0.125 0.24375 0.196875 0.25625
1 0.61640625 0.6010416666666667 0.2109375 0.36666666666666664
1 0.71640625 0.9395833333333333 0.2140625 0.12083333333333333
1 0.38203125 0.7447916666666666 0.1515625 0.19375
0 0.72734375 0.18854166666666666 0.0765625 0.09375
0 0.55078125 0.5364583333333334 0.0765625 0.09583333333333334
0 0.296875 0.546875 0.065625 0.11041666666666666
0 0.10078125 0.8354166666666667 0.078125 0.09166666666666666
2 0.34765625 0.19270833333333334 0.4046875 0.3854166666666667