1 0.2609375 0.5 0.2546875 0.2708333333333333
1 0.36640625 0.7145833333333333 0.2265625 0.29375
1 0.50546875 0.884375 0.1921875 0.23125
1 0.65546875 0.7583333333333333 0.1859375 0.2708333333333333
1 0.69765625 0.56875 0.1859375 0.2708333333333333
1 0.8578125 0.64375 0.175 0.26666666666666666
1 0.72265625 0.3385416666666667 0.2328125 0.23125
1 0.5796875 0.20520833333333333 0.16875 0.23541666666666666
1 0.2703125 0.21041666666666667 0.1875 0.21875
1 0.25390625 0.9427083333333334 0.1796875 0.11458333333333333
2 0.73671875 0.11145833333333334 0.3921875 0.22291666666666668