1 0.40859375 0.3260416666666667 0.1765625 0.23125
1 0.25859375 0.4010416666666667 0.1578125 0.225
1 0.45546875 0.56875 0.1578125 0.225
1 0.22421875 0.6302083333333334 0.1828125 0.2375
1 0.8890625 0.6583333333333333 0.1828125 0.2375
1 0.31796875 0.8875 0.1828125 0.225
1 0.71875 0.6572916666666667 0.209375 0.25
1 0.62890625 0.6166666666666667 0.2578125 0.2
1 0.66875 0.36770833333333336 0.2296875 0.22291666666666668
1 0.7984375 0.27291666666666664 0.184375 0.23333333333333334
1 0.81484375 0.07604166666666666 0.1640625 0.15208333333333332
2 0.17734375 0.16770833333333332 0.3078125 0.3125