1 0.57734375 0.3145833333333333 0.1765625 0.23125
1 0.7328125 0.36770833333333336 0.1578125 0.225
1 0.54921875 0.5625 0.1578125 0.225
1 0.784375 0.590625 0.1828125 0.2375
1 0.12578125 0.7114583333333333 0.1828125 0.2375
1 0.7109375 0.8666666666666667 0.1828125 0.2375
1 0.29453125 0.6864583333333333 0.209375 0.25
1 0.38046875 0.6333333333333333 0.2578125 0.2
1 0.321875 0.39166666666666666 0.2296875 0.22291666666666668
1 0.18515625 0.315625 0.184375 0.23333333333333334
1 0.15234375 0.109375 0.1640625 0.18125
2 0.79453125 0.140625 0.3078125 0.28125