1 0.325 0.60625 0.1671875 0.21041666666666667
1 0.1109375 0.1875 0.16875 0.21458333333333332
1 0.46796875 0.5791666666666667 0.1671875 0.23125
1 0.33828125 0.9 0.1859375 0.2
1 0.525 0.54375 0.1671875 0.23541666666666666
1 0.49140625 0.27395833333333336 0.178125 0.2833333333333333
1 0.77578125 0.7416666666666667 0.1984375 0.25833333333333336
1 0.859375 0.540625 0.19375 0.2125
1 0.86796875 0.38125 0.15625 0.18541666666666667
1 0.6140625 0.7416666666666667 0.1671875 0.24791666666666667
1 0.790625 0.11145833333333334 0.18125 0.22291666666666668
2 0.29375 0.33229166666666665 0.275 0.39166666666666666