1 0.590625 0.6239583333333333 0.190625 0.24166666666666667
1 0.83515625 0.428125 0.2046875 0.24791666666666667
1 0.67109375 0.41041666666666665 0.2484375 0.3
1 0.34609375 0.7458333333333333 0.2125 0.28125
1 0.18984375 0.8104166666666667 0.2125 0.2625
1 0.3484375 0.33541666666666664 0.196875 0.24791666666666667
1 0.2140625 0.35 0.196875 0.24791666666666667
1 0.25234375 0.5354166666666667 0.196875 0.24791666666666667
1 0.675 0.196875 0.196875 0.24791666666666667
1 0.809375 0.12916666666666668 0.203125 0.25833333333333336
1 0.05078125 0.31666666666666665 0.1015625 0.24166666666666667
1 0.6078125 0.8729166666666667 0.184375 0.22916666666666666
2 0.4625 0.153125 0.371875 0.30625
0 0.8734375 0.03229166666666667 0.065625 0.06458333333333334
0 0.2859375 0.959375 0.071875 0.08125