1 0.65 0.140625 0.1765625 0.22291666666666668
1 0.94453125 0.6416666666666667 0.1109375 0.2125
1 0.81484375 0.8572916666666667 0.165625 0.16875
1 0.6578125 0.8760416666666667 0.1953125 0.21875
1 0.8328125 0.66875 0.1953125 0.22083333333333333
1 0.84765625 0.27395833333333336 0.171875 0.25
1 0.79140625 0.21145833333333333 0.1359375 0.21458333333333332
1 0.82109375 0.09895833333333333 0.1859375 0.19791666666666666
1 0.6171875 0.6364583333333333 0.1859375 0.25833333333333336
1 0.2140625 0.7104166666666667 0.153125 0.20416666666666666
2 0.4515625 0.3729166666666667 0.35625 0.4354166666666667