1 0.20546875 0.8208333333333333 0.196875 0.25625
1 0.0671875 0.6489583333333333 0.134375 0.26875
1 0.32109375 0.3875 0.196875 0.25625
1 0.23515625 0.35 0.2015625 0.27708333333333335
1 0.259375 0.14375 0.16875 0.21458333333333332
1 0.40078125 0.11041666666666666 0.16875 0.21458333333333332
1 0.875 0.4427083333333333 0.1859375 0.2375
1 0.8015625 0.24583333333333332 0.1859375 0.2375
1 0.653125 0.359375 0.1859375 0.2375
1 0.48046875 0.603125 0.215625 0.25625
1 0.3734375 0.5791666666666667 0.2046875 0.2520833333333333
1 0.365625 0.8375 0.1859375 0.3
1 0.5765625 0.8104166666666667 0.1421875 0.2708333333333333
1 0.55234375 0.16145833333333334 0.2484375 0.3229166666666667
2 0.7296875 0.6770833333333334 0.4 0.49583333333333335