1 0.13359375 0.15729166666666666 0.171875 0.25416666666666665
1 0.065625 0.30104166666666665 0.1265625 0.20416666666666666
1 0.12421875 0.4864583333333333 0.1859375 0.24583333333333332
1 0.72109375 0.47708333333333336 0.1625 0.22291666666666668
1 0.4421875 0.15104166666666666 0.1375 0.22708333333333333
1 0.3765625 0.14583333333333334 0.1625 0.22291666666666668
1 0.78515625 0.8375 0.1875 0.2604166666666667
1 0.1765625 0.9041666666666667 0.1828125 0.16666666666666666
1 0.8140625 0.14375 0.1625 0.22291666666666668
1 0.715625 0.20833333333333334 0.1484375 0.175
1 0.3828125 0.3697916666666667 0.1578125 0.21458333333333332
2 0.55625 0.665625 0.31875 0.4395833333333333
0 0.1484375 0.684375 0.0515625 0.0875