1 0.31484375 0.85625 0.1765625 0.225
1 0.42265625 0.575 0.171875 0.25833333333333336
1 0.50703125 0.32083333333333336 0.16875 0.22083333333333333
1 0.69296875 0.25 0.1796875 0.21041666666666667
1 0.82890625 0.10729166666666666 0.1984375 0.21458333333333332
1 0.925 0.775 0.15 0.22916666666666666
1 0.18515625 0.6697916666666667 0.21875 0.2833333333333333
1 0.09375 0.53125 0.1875 0.2625
1 0.7265625 0.7916666666666666 0.1890625 0.24583333333333332
1 0.53515625 0.15416666666666667 0.1890625 0.24583333333333332
1 0.0875 0.815625 0.1515625 0.23958333333333334
2 0.803125 0.5260416666666666 0.3328125 0.4
0 0.1890625 0.853125 0.078125 0.08958333333333333