1 0.31953125 0.203125 0.184375 0.24375
1 0.28125 0.796875 0.1578125 0.2
1 0.765625 0.6291666666666667 0.2125 0.22291666666666668
1 0.39375 0.640625 0.1765625 0.24791666666666667
1 0.89765625 0.8291666666666667 0.1734375 0.22708333333333333
1 0.56640625 0.6083333333333333 0.1671875 0.2
1 0.628125 0.4875 0.1984375 0.2
1 0.76171875 0.21979166666666666 0.1875 0.26666666666666666
1 0.0859375 0.8427083333333333 0.153125 0.23541666666666666
0 0.67734375 0.925 0.0953125 0.15
0 0.84140625 0.503125 0.0671875 0.09166666666666666
2 0.49140625 0.8572916666666667 0.2328125 0.28541666666666665