1 0.128125 0.6614583333333334 0.190625 0.22083333333333333
1 0.2765625 0.80625 0.175 0.22083333333333333
1 0.10625 0.8854166666666666 0.175 0.22083333333333333
1 0.421875 0.675 0.184375 0.28958333333333336
1 0.85390625 0.3697916666666667 0.175 0.22083333333333333
1 0.9140625 0.09270833333333334 0.146875 0.18541666666666667
1 0.8609375 0.60625 0.178125 0.2520833333333333
1 0.928125 0.8145833333333333 0.14375 0.26666666666666666
1 0.08359375 0.34479166666666666 0.1671875 0.2520833333333333
1 0.275 0.115625 0.1796875 0.20833333333333334
1 0.2671875 0.49375 0.1796875 0.25833333333333336
1 0.69921875 0.7947916666666667 0.1796875 0.3020833333333333
2 0.4546875 0.25104166666666666 0.309375 0.46458333333333335
0 0.58359375 0.45208333333333334 0.084375 0.11458333333333333
0 0.5953125 0.759375 0.0640625 0.07708333333333334
0 0.75859375 0.9520833333333333 0.0640625 0.06458333333333334