1 0.69296875 0.73125 0.2171875 0.28958333333333336
1 0.771875 0.9 0.196875 0.2
1 0.5421875 0.76875 0.1453125 0.23958333333333334
1 0.5875 0.5489583333333333 0.2140625 0.28125
1 0.65625 0.35833333333333334 0.1875 0.2520833333333333
1 0.4703125 0.3614583333333333 0.209375 0.2708333333333333
1 0.19453125 0.08645833333333333 0.2421875 0.17291666666666666
1 0.8890625 0.5479166666666667 0.19375 0.26458333333333334
1 0.871875 0.3854166666666667 0.2359375 0.31875
1 0.40859375 0.5760416666666667 0.2015625 0.2604166666666667
1 0.134375 0.6979166666666666 0.234375 0.24375
1 0.35078125 0.8708333333333333 0.20625 0.23333333333333334
1 0.4953125 0.9104166666666667 0.175 0.17916666666666667
1 0.40703125 0.11458333333333333 0.2265625 0.22916666666666666
0 0.77734375 0.38229166666666664 0.059375 0.075
0 0.7203125 0.19583333333333333 0.08125 0.10625
2 0.23125 0.40208333333333335 0.4625 0.65