1 0.0890625 0.7958333333333333 0.178125 0.26666666666666666
1 0.35625 0.425 0.203125 0.26666666666666666
1 0.67734375 0.128125 0.196875 0.23541666666666666
1 0.52578125 0.30416666666666664 0.196875 0.2375
1 0.69296875 0.53125 0.1921875 0.30625
1 0.940625 0.2791666666666667 0.11875 0.25833333333333336
1 0.8296875 0.9552083333333333 0.190625 0.08958333333333333
1 0.14375 0.45 0.203125 0.26666666666666666
1 0.3375 0.1625 0.178125 0.20416666666666666
1 0.43828125 0.94375 0.1734375 0.1125
1 0.72734375 0.37083333333333335 0.2171875 0.2375
1 0.81171875 0.5989583333333334 0.184375 0.26458333333333334
0 0.46875 0.7333333333333333 0.0515625 0.06875
0 0.1765625 0.10416666666666667 0.0625 0.09375
2 0.60625 0.8302083333333333 0.284375 0.33958333333333335