1 0.27421875 0.471875 0.196875 0.20625
1 0.4578125 0.6520833333333333 0.196875 0.20625
1 0.70546875 0.8770833333333333 0.196875 0.20625
1 0.85390625 0.7135416666666666 0.196875 0.20625
1 0.84296875 0.32395833333333335 0.196875 0.20625
1 0.6921875 0.18125 0.159375 0.19166666666666668
1 0.28984375 0.17708333333333334 0.184375 0.20833333333333334
1 0.5421875 0.7666666666666667 0.1859375 0.24166666666666667
1 0.7421875 0.50625 0.1859375 0.24166666666666667
1 0.4796875 0.221875 0.165625 0.23333333333333334
1 0.86953125 0.11979166666666667 0.1578125 0.18125
1 0.09453125 0.896875 0.1734375 0.14791666666666667
2 0.58046875 0.4979166666666667 0.1984375 0.27708333333333335