1 0.615625 0.12708333333333333 0.1765625 0.18958333333333333
1 0.4609375 0.15416666666666667 0.1671875 0.24166666666666667
1 0.5625 0.5854166666666667 0.1421875 0.20833333333333334
1 0.846875 0.44895833333333335 0.1765625 0.26458333333333334
1 0.4875 0.921875 0.140625 0.15625
1 0.38046875 0.9166666666666666 0.140625 0.16041666666666668
1 0.9234375 0.7791666666666667 0.1421875 0.23958333333333334
1 0.74375 0.7166666666666667 0.1921875 0.23125
1 0.22109375 0.08125 0.1765625 0.1625
1 0.14140625 0.09895833333333333 0.1484375 0.19791666666666666
2 0.33828125 0.396875 0.2 0.2708333333333333
0 0.97265625 0.29270833333333335 0.0546875 0.08958333333333333
0 0.984375 0.39791666666666664 0.03125 0.0875
0 0.84765625 0.8614583333333333 0.0546875 0.08958333333333333