1 0.6484375 0.5114583333333333 0.1828125 0.25625
1 0.68671875 0.8677083333333333 0.1734375 0.24166666666666667
1 0.47109375 0.534375 0.20625 0.30416666666666664
1 0.82734375 0.478125 0.1703125 0.21458333333333332
1 0.784375 0.69375 0.1546875 0.21458333333333332
1 0.325 0.8697916666666666 0.165625 0.20833333333333334
1 0.16328125 0.384375 0.190625 0.19791666666666666
1 0.33046875 0.446875 0.146875 0.175
1 0.33203125 0.30833333333333335 0.153125 0.24791666666666667
1 0.9421875 0.40208333333333335 0.115625 0.29583333333333334
1 0.24296875 0.6583333333333333 0.1921875 0.27708333333333335
2 0.53203125 0.22916666666666666 0.3578125 0.45625