1 0.19921875 0.42916666666666664 0.203125 0.25
1 0.54921875 0.44479166666666664 0.165625 0.22083333333333333
1 0.88515625 0.22083333333333333 0.1609375 0.2833333333333333
1 0.56015625 0.7447916666666666 0.1953125 0.22916666666666666
1 0.209375 0.8864583333333333 0.2125 0.22708333333333333
1 0.284375 0.6552083333333333 0.1875 0.24583333333333332
1 0.403125 0.609375 0.2046875 0.27291666666666664
1 0.31640625 0.12604166666666666 0.203125 0.22708333333333333
1 0.3765625 0.375 0.1765625 0.23333333333333334
1 0.659375 0.5885416666666666 0.1734375 0.22083333333333333
1 0.79375 0.734375 0.175 0.26666666666666666
1 0.77265625 0.5041666666666667 0.1625 0.27291666666666664
1 0.69921875 0.8895833333333333 0.184375 0.18541666666666667
2 0.66796875 0.18958333333333333 0.3890625 0.37916666666666665
0 0.15859375 0.80625 0.065625 0.0875
0 0.2015625 0.7635416666666667 0.0625 0.08125