1 0.771875 0.40625 0.171875 0.19166666666666668
1 0.871875 0.10833333333333334 0.171875 0.19166666666666668
1 0.51328125 0.85625 0.171875 0.19375
1 0.19296875 0.18229166666666666 0.1796875 0.2604166666666667
1 0.31796875 0.7395833333333334 0.1796875 0.2625
1 0.30625 0.08020833333333334 0.171875 0.16041666666666668
1 0.81796875 0.6447916666666667 0.1546875 0.16666666666666666
1 0.753125 0.8458333333333333 0.1828125 0.24375
1 0.190625 0.665625 0.146875 0.25
1 0.72734375 0.6458333333333334 0.1515625 0.18125
1 0.93671875 0.33229166666666665 0.1265625 0.26458333333333334
2 0.5703125 0.303125 0.3828125 0.4791666666666667