1 0.896875 0.46145833333333336 0.140625 0.18333333333333332
1 0.61875 0.7291666666666666 0.1625 0.24791666666666667
1 0.07734375 0.8072916666666666 0.153125 0.19166666666666668
1 0.696875 0.93125 0.209375 0.1375
1 0.4828125 0.90625 0.1875 0.1875
1 0.46484375 0.7260416666666667 0.1703125 0.22083333333333333
1 0.65390625 0.1125 0.215625 0.21875
1 0.87109375 0.859375 0.1765625 0.19791666666666666
1 0.1375 0.159375 0.140625 0.28958333333333336
1 0.5953125 0.3458333333333333 0.1953125 0.20416666666666666
1 0.1375 0.5802083333333333 0.1859375 0.19791666666666666
1 0.2125 0.7583333333333333 0.171875 0.19583333333333333
0 0.0859375 0.4166666666666667 0.084375 0.09166666666666666
2 0.3203125 0.4822916666666667 0.415625 0.5333333333333333