1 0.35 0.340625 0.20625 0.2791666666666667
1 0.19375 0.3541666666666667 0.20625 0.2791666666666667
1 0.2703125 0.665625 0.20625 0.2791666666666667
1 0.44140625 0.79375 0.20625 0.2791666666666667
1 0.5265625 0.875 0.20625 0.25
1 0.8171875 0.8520833333333333 0.228125 0.28125
1 0.40625 0.12291666666666666 0.246875 0.24583333333333332
1 0.93828125 0.38229166666666664 0.1234375 0.2520833333333333
1 0.6125 0.20520833333333333 0.246875 0.28125
1 0.6625 0.765625 0.20625 0.2791666666666667
1 0.0921875 0.6583333333333333 0.184375 0.2791666666666667
1 0.2421875 0.06875 0.203125 0.1375
1 0.7875 0.965625 0.221875 0.06875
2 0.58984375 0.49166666666666664 0.35 0.4666666666666667