1 0.8984375 0.22916666666666666 0.184375 0.26666666666666666
1 0.940625 0.384375 0.11875 0.21458333333333332
1 0.8734375 0.55625 0.196875 0.2604166666666667
1 0.28359375 0.43645833333333334 0.171875 0.2375
1 0.59375 0.165625 0.1484375 0.2375
1 0.659375 0.17291666666666666 0.171875 0.2375
1 0.1828125 0.78125 0.2 0.275
1 0.77734375 0.934375 0.1890625 0.13125
1 0.225 0.103125 0.171875 0.20625
1 0.3171875 0.171875 0.15625 0.1875
1 0.6296875 0.3927083333333333 0.16875 0.22916666666666666
2 0.42734375 0.653125 0.3390625 0.46458333333333335
0 0.82890625 0.7479166666666667 0.05625 0.09166666666666666