1 0.1984375 0.8739583333333333 0.159375 0.20625
1 0.62578125 0.8927083333333333 0.159375 0.20625
1 0.73828125 0.759375 0.1859375 0.2125
1 0.775 0.5479166666666667 0.165625 0.20625
1 0.728125 0.3416666666666667 0.1703125 0.21666666666666667
1 0.61953125 0.5135416666666667 0.1484375 0.22083333333333333
1 0.26171875 0.3375 0.1796875 0.2125
1 0.5265625 0.26979166666666665 0.1921875 0.25416666666666665
1 0.1421875 0.17291666666666666 0.184375 0.24583333333333332
1 0.365625 0.128125 0.203125 0.24583333333333332
1 0.1515625 0.5041666666666667 0.1796875 0.2125
1 0.08984375 0.5916666666666667 0.178125 0.2125
1 0.4109375 0.4625 0.1875 0.23333333333333334
1 0.81953125 0.13229166666666667 0.1921875 0.25416666666666665
1 0.903125 0.3802083333333333 0.175 0.2375
1 0.9171875 0.85 0.165625 0.2375
1 0.93125 0.5864583333333333 0.1375 0.22291666666666668
1 0.53359375 0.08333333333333333 0.1671875 0.16666666666666666
2 0.42265625 0.7697916666666667 0.3609375 0.46041666666666664