1 0.71484375 0.7541666666666667 0.203125 0.24791666666666667
1 0.56015625 0.6802083333333333 0.1890625 0.2375
1 0.75546875 0.221875 0.1890625 0.2375
1 0.10625 0.7125 0.2125 0.31666666666666665
1 0.4484375 0.8635416666666667 0.265625 0.27291666666666664
1 0.36328125 0.428125 0.2046875 0.24791666666666667
1 0.4625 0.24166666666666667 0.153125 0.21041666666666667
1 0.63046875 0.22395833333333334 0.18125 0.2125
1 0.9078125 0.35208333333333336 0.184375 0.2916666666666667
1 0.42109375 0.6614583333333334 0.2078125 0.27291666666666664
1 0.659375 0.8885416666666667 0.196875 0.22291666666666668
2 0.55546875 0.4 0.253125 0.3125