1 0.8296875 0.31875 0.1703125 0.2604166666666667
1 0.4859375 0.7697916666666667 0.1703125 0.2604166666666667
1 0.66328125 0.5614583333333333 0.2125 0.21041666666666667
1 0.2109375 0.45416666666666666 0.1546875 0.2125
1 0.13203125 0.59375 0.1546875 0.2125
1 0.240625 0.8354166666666667 0.1625 0.275
1 0.9125 0.7114583333333333 0.175 0.26458333333333334
1 0.82421875 0.89375 0.165625 0.19791666666666666
1 0.07890625 0.7697916666666667 0.1546875 0.2125
1 0.07578125 0.36041666666666666 0.1515625 0.225
2 0.503125 0.25625 0.3625 0.5125
0 0.7046875 0.21770833333333334 0.0625 0.07708333333333334
0 0.8625 0.5739583333333333 0.084375 0.1