1 0.51953125 0.11875 0.1609375 0.2375
1 0.68125 0.14895833333333333 0.16875 0.19791666666666666
1 0.54609375 0.7552083333333334 0.1734375 0.2125
1 0.70703125 0.834375 0.1828125 0.25416666666666665
1 0.54921875 0.34270833333333334 0.18125 0.2
1 0.4140625 0.9072916666666667 0.1875 0.18541666666666667
1 0.6046875 0.5177083333333333 0.134375 0.22083333333333333
1 0.91953125 0.878125 0.1609375 0.22291666666666668
1 0.73046875 0.5791666666666667 0.165625 0.22708333333333333
1 0.76015625 0.35520833333333335 0.1640625 0.20625
1 0.27109375 0.7854166666666667 0.1625 0.22708333333333333
1 0.88515625 0.60625 0.1515625 0.21458333333333332
1 0.87890625 0.1625 0.18125 0.18125
1 0.06953125 0.696875 0.134375 0.22916666666666666
2 0.18984375 0.3125 0.31875 0.45
0 0.53046875 0.5197916666666667 0.05625 0.08958333333333333