2 0.2578125 0.621875 0.396875 0.46041666666666664
1 0.72109375 0.5447916666666667 0.20625 0.25
1 0.86796875 0.275 0.20625 0.25
1 0.67421875 0.7354166666666667 0.18125 0.22708333333333333
1 0.81328125 0.709375 0.18125 0.22708333333333333
1 0.909375 0.5666666666666667 0.18125 0.22708333333333333
1 0.9234375 0.740625 0.153125 0.22708333333333333
1 0.609375 0.175 0.18125 0.22708333333333333
1 0.55234375 0.18229166666666666 0.18125 0.22708333333333333
1 0.46953125 0.15625 0.18125 0.22708333333333333
1 0.4 0.15208333333333332 0.18125 0.22708333333333333
1 0.22734375 0.12604166666666666 0.1875 0.19791666666666666
1 0.08046875 0.54375 0.1609375 0.29583333333333334
1 0.5234375 0.9125 0.171875 0.175
1 0.390625 0.921875 0.171875 0.15625
1 0.0671875 0.14166666666666666 0.134375 0.17916666666666667
1 0.3875 0.37916666666666665 0.1953125 0.19166666666666668
1 0.85390625 0.8614583333333333 0.2625 0.21666666666666667
1 0.2796875 0.27291666666666664 0.1515625 0.24583333333333332
1 0.7484375 0.07604166666666666 0.209375 0.15208333333333332