1 0.40625 0.234375 0.1625 0.2375
1 0.0890625 0.2833333333333333 0.1609375 0.2375
1 0.265625 0.11354166666666667 0.23125 0.22708333333333333
1 0.38359375 0.4583333333333333 0.171875 0.26458333333333334
1 0.36015625 0.9 0.1671875 0.18125
1 0.23046875 0.7510416666666667 0.215625 0.26458333333333334
1 0.81484375 0.4375 0.1734375 0.23333333333333334
1 0.8984375 0.603125 0.203125 0.28125
1 0.66015625 0.5510416666666667 0.1765625 0.2375
1 0.53671875 0.890625 0.2109375 0.21875
1 0.6578125 0.234375 0.1953125 0.2520833333333333
0 0.85390625 0.2625 0.0671875 0.09166666666666666
2 0.7984375 0.8333333333333334 0.365625 0.3333333333333333