1 0.1125 0.4895833333333333 0.196875 0.25416666666666665
1 0.24609375 0.46770833333333334 0.1328125 0.2520833333333333
1 0.38203125 0.5927083333333333 0.196875 0.25833333333333336
1 0.49140625 0.8229166666666666 0.2078125 0.2520833333333333
1 0.91875 0.33645833333333336 0.1515625 0.2125
1 0.43671875 0.28541666666666665 0.153125 0.2125
1 0.30078125 0.153125 0.153125 0.2125
1 0.078125 0.70625 0.1390625 0.22708333333333333
1 0.7484375 0.084375 0.175 0.16875
1 0.80546875 0.22083333333333333 0.1921875 0.225
2 0.853125 0.646875 0.29375 0.45208333333333334
0 0.1078125 0.9760416666666667 0.075 0.04791666666666667
1 0.4640625 0.75625 0.1671875 0.175
1 0.6390625 0.48854166666666665 0.1921875 0.18125