1 0.70390625 0.43854166666666666 0.140625 0.18958333333333333
1 0.74921875 0.40625 0.171875 0.18333333333333332
1 0.78125 0.6125 0.184375 0.23125
1 0.20546875 0.403125 0.1796875 0.2520833333333333
1 0.5046875 0.8375 0.1796875 0.2520833333333333
1 0.2796875 0.475 0.1796875 0.2520833333333333
1 0.4296875 0.740625 0.1765625 0.21041666666666667
1 0.10859375 0.078125 0.1890625 0.15625
1 0.140625 0.6385416666666667 0.178125 0.25
1 0.2953125 0.6822916666666666 0.196875 0.29583333333333334
1 0.690625 0.8229166666666666 0.1796875 0.22291666666666668
1 0.80625 0.8375 0.1796875 0.22291666666666668
1 0.95546875 0.3125 0.0890625 0.2
2 0.55078125 0.259375 0.3359375 0.42916666666666664