1 0.23046875 0.4739583333333333 0.1703125 0.2125
1 0.34921875 0.453125 0.1703125 0.2125
1 0.8125 0.7729166666666667 0.171875 0.22916666666666666
1 0.91640625 0.4583333333333333 0.1671875 0.22916666666666666
1 0.75078125 0.9114583333333334 0.1984375 0.17708333333333334
1 0.6015625 0.32083333333333336 0.1984375 0.22916666666666666
1 0.909375 0.88125 0.1375 0.2375
2 0.28828125 0.7541666666666667 0.41875 0.48541666666666666
0 0.5484375 0.4270833333333333 0.06875 0.075
0 0.5578125 0.4947916666666667 0.0625 0.09166666666666666
0 0.6078125 0.49583333333333335 0.0625 0.08125
0 0.43828125 0.6385416666666667 0.06875 0.08125