1 0.11328125 0.54375 0.2109375 0.27291666666666664
1 0.24453125 0.503125 0.1484375 0.2625
1 0.38984375 0.6083333333333333 0.2109375 0.27708333333333335
1 0.51640625 0.821875 0.221875 0.27291666666666664
1 0.90390625 0.2791666666666667 0.1625 0.22708333333333333
1 0.4203125 0.29583333333333334 0.1640625 0.22708333333333333
1 0.275 0.18333333333333332 0.1640625 0.22708333333333333
1 0.096875 0.7635416666666667 0.153125 0.2375
1 0.7125 0.07291666666666667 0.1875 0.14583333333333334
1 0.78203125 0.17916666666666667 0.203125 0.24375
2 0.85234375 0.5958333333333333 0.2953125 0.48333333333333334
1 0.484375 0.759375 0.175 0.19375
1 0.6375 0.46979166666666666 0.2 0.20208333333333334