1 0.578125 0.8447916666666667 0.2171875 0.26875
1 0.3515625 0.8791666666666667 0.18125 0.24166666666666667
1 0.8140625 0.7875 0.1765625 0.22916666666666666
1 0.12734375 0.6875 0.234375 0.3458333333333333
1 0.315625 0.45729166666666665 0.2109375 0.275
1 0.19765625 0.8875 0.2109375 0.225
1 0.878125 0.5677083333333334 0.1921875 0.2625
1 0.1453125 0.35 0.2109375 0.275
1 0.609375 0.21145833333333333 0.2109375 0.275
1 0.3546875 0.240625 0.2109375 0.275
1 0.63984375 0.07395833333333333 0.2203125 0.14791666666666667
1 0.0921875 0.203125 0.184375 0.19791666666666666
2 0.55546875 0.521875 0.409375 0.5395833333333333
0 0.228125 0.61875 0.0875 0.1125