1 0.3484375 0.5364583333333334 0.1796875 0.24166666666666667
1 0.6265625 0.415625 0.1796875 0.24166666666666667
1 0.70703125 0.35833333333333334 0.1796875 0.24166666666666667
1 0.60078125 0.14791666666666667 0.203125 0.275
1 0.434375 0.3458333333333333 0.203125 0.275
1 0.27578125 0.1875 0.190625 0.24375
1 0.11171875 0.18020833333333333 0.203125 0.19375
1 0.34609375 0.8604166666666667 0.2359375 0.2791666666666667
1 0.071875 0.4270833333333333 0.14375 0.24166666666666667
1 0.875 0.44479166666666664 0.1796875 0.24166666666666667
1 0.50625 0.090625 0.1625 0.18125
1 0.159375 0.5260416666666666 0.1875 0.22083333333333333
1 0.128125 0.746875 0.19375 0.23541666666666666
1 0.20703125 0.9604166666666667 0.1859375 0.07916666666666666
2 0.51328125 0.709375 0.2984375 0.3416666666666667