1 0.6796875 0.21354166666666666 0.1765625 0.21458333333333332
1 0.653125 0.6479166666666667 0.1765625 0.21458333333333332
1 0.55546875 0.8354166666666667 0.1953125 0.26875
1 0.71875 0.9333333333333333 0.178125 0.13333333333333333
1 0.48984375 0.34270833333333334 0.1828125 0.25416666666666665
1 0.209375 0.5625 0.1828125 0.25416666666666665
1 0.26953125 0.3458333333333333 0.1703125 0.225
1 0.31484375 0.084375 0.1703125 0.16875
1 0.328125 0.859375 0.1171875 0.1625
1 0.88203125 0.8822916666666667 0.1671875 0.19583333333333333
1 0.3546875 0.609375 0.18125 0.24166666666666667
1 0.87265625 0.6677083333333333 0.1765625 0.21458333333333332
2 0.87578125 0.37395833333333334 0.2484375 0.36041666666666666
0 0.1078125 0.65 0.0828125 0.10416666666666667
1 0.78984375 0.5958333333333333 0.1828125 0.2604166666666667