1 0.2203125 0.725 0.209375 0.2375
1 0.38359375 0.7958333333333333 0.1859375 0.24166666666666667
1 0.28125 0.31979166666666664 0.19375 0.24583333333333332
1 0.90703125 0.54375 0.1859375 0.22083333333333333
1 0.54453125 0.7166666666666667 0.1859375 0.22083333333333333
1 0.58984375 0.7416666666666667 0.171875 0.19375
1 0.7375 0.85 0.171875 0.19375
1 0.11171875 0.40625 0.2234375 0.29583333333333334
1 0.27265625 0.10729166666666666 0.1859375 0.21458333333333332
1 0.759375 0.309375 0.16875 0.2125
1 0.89609375 0.1875 0.2078125 0.26666666666666666
1 0.3640625 0.5958333333333333 0.203125 0.23333333333333334
1 0.57421875 0.171875 0.1953125 0.2375
1 0.05546875 0.7489583333333333 0.1109375 0.2520833333333333
2 0.53984375 0.46770833333333334 0.2546875 0.31875
0 0.153125 0.5489583333333333 0.078125 0.0875