1 0.68515625 0.5770833333333333 0.1375 0.20625
1 0.77890625 0.5791666666666667 0.1375 0.20625
1 0.7 0.17395833333333333 0.1546875 0.20625
1 0.42265625 0.10104166666666667 0.1546875 0.20208333333333334
1 0.534375 0.415625 0.1328125 0.23958333333333334
1 0.1234375 0.32083333333333336 0.1578125 0.2375
1 0.04765625 0.6947916666666667 0.0953125 0.23125
2 0.33125 0.40625 0.3515625 0.4083333333333333
1 0.70078125 0.7625 0.1671875 0.20208333333333334
1 0.5421875 0.7895833333333333 0.1671875 0.20208333333333334
1 0.4390625 0.853125 0.18125 0.20416666666666666