1 0.1015625 0.6614583333333334 0.1765625 0.22708333333333333
1 0.4265625 0.325 0.1421875 0.19375
1 0.86640625 0.44375 0.175 0.21875
1 0.2875 0.17604166666666668 0.175 0.21875
1 0.80859375 0.665625 0.18125 0.2520833333333333
1 0.90625 0.884375 0.14375 0.19375
1 0.76953125 0.9364583333333333 0.1640625 0.12708333333333333
1 0.51640625 0.9489583333333333 0.1671875 0.10208333333333333
1 0.30078125 0.934375 0.1625 0.10208333333333333
1 0.09375 0.15625 0.146875 0.18958333333333333
2 0.42109375 0.659375 0.2671875 0.3416666666666667
1 0.240625 0.6833333333333333 0.146875 0.22916666666666666
1 0.23515625 0.515625 0.146875 0.22916666666666666
1 0.63203125 0.45208333333333334 0.15625 0.25
1 0.5359375 0.3177083333333333 0.15625 0.21666666666666667