2 0.328125 0.6541666666666667 0.3328125 0.45208333333333334
0 0.23828125 0.81875 0.071875 0.08333333333333333
0 0.18046875 0.13020833333333334 0.0703125 0.07916666666666666
0 0.63046875 0.39791666666666664 0.071875 0.08333333333333333
1 0.115625 0.5708333333333333 0.2078125 0.24583333333333332
1 0.10390625 0.6479166666666667 0.20625 0.24583333333333332
1 0.51015625 0.384375 0.1921875 0.24166666666666667
1 0.5625 0.234375 0.1921875 0.24166666666666667
1 0.453125 0.15833333333333333 0.21875 0.27291666666666664
1 0.734375 0.13958333333333334 0.25 0.2791666666666667
1 0.79453125 0.3145833333333333 0.2109375 0.3
1 0.95234375 0.7104166666666667 0.0953125 0.2875
1 0.8046875 0.7947916666666667 0.2421875 0.28541666666666665
1 0.59453125 0.88125 0.2140625 0.2375
1 0.68984375 0.559375 0.196875 0.25833333333333336
1 0.06484375 0.31875 0.1296875 0.31666666666666665