1 0.6390625 0.6697916666666667 0.15625 0.23958333333333334
1 0.70546875 0.1375 0.1796875 0.20416666666666666
1 0.7578125 0.5208333333333334 0.1875 0.24166666666666667
1 0.8078125 0.3104166666666667 0.18125 0.17083333333333334
1 0.16484375 0.09375 0.1515625 0.1875
1 0.0765625 0.41354166666666664 0.15 0.20208333333333334
1 0.0765625 0.634375 0.15 0.20208333333333334
1 0.5203125 0.8395833333333333 0.19375 0.23333333333333334
1 0.37265625 0.65625 0.1671875 0.22916666666666666
1 0.21796875 0.7020833333333333 0.1671875 0.22916666666666666
1 0.25859375 0.8166666666666667 0.1671875 0.22916666666666666
1 0.940625 0.5333333333333333 0.11875 0.20833333333333334
1 0.22890625 0.4583333333333333 0.1484375 0.2
2 0.453125 0.40729166666666666 0.346875 0.46041666666666664