1 0.43515625 0.575 0.1890625 0.22916666666666666
1 0.60078125 0.12083333333333333 0.1984375 0.24166666666666667
1 0.71171875 0.36770833333333336 0.1578125 0.23958333333333334
1 0.43359375 0.12708333333333333 0.1921875 0.25416666666666665
1 0.28203125 0.43020833333333336 0.253125 0.2791666666666667
1 0.70625 0.6614583333333334 0.2046875 0.25
1 0.2078125 0.6333333333333333 0.1390625 0.18541666666666667
1 0.228125 0.9177083333333333 0.178125 0.16458333333333333
1 0.2046875 0.24166666666666667 0.1984375 0.26875
1 0.4578125 0.375 0.19375 0.24583333333333332
1 0.40078125 0.8895833333333333 0.1796875 0.22083333333333333
2 0.63359375 0.815625 0.3859375 0.36875