1 0.203125 0.8979166666666667 0.225 0.20416666666666666
1 0.2953125 0.353125 0.225 0.24375
1 0.5625 0.553125 0.2140625 0.21666666666666667
1 0.74453125 0.6708333333333333 0.16875 0.2375
1 0.840625 0.8625 0.1765625 0.20208333333333334
1 0.5953125 0.7697916666666667 0.184375 0.23125
1 0.4640625 0.7354166666666667 0.2109375 0.2708333333333333
1 0.353125 0.5479166666666667 0.184375 0.23125
1 0.83828125 0.09895833333333333 0.1671875 0.19791666666666666
1 0.20390625 0.553125 0.171875 0.23125
1 0.3015625 0.13125 0.184375 0.22916666666666666
1 0.92734375 0.30625 0.1375 0.28958333333333336
2 0.61171875 0.24895833333333334 0.4046875 0.4979166666666667