1 0.9 0.42604166666666665 0.2 0.26875
1 0.25859375 0.5635416666666667 0.225 0.275
1 0.20234375 0.8072916666666666 0.225 0.275
1 0.1578125 0.0625 0.1875 0.125
1 0.41015625 0.38958333333333334 0.1734375 0.23541666666666666
1 0.25859375 0.175 0.1984375 0.2520833333333333
1 0.7421875 0.6541666666666667 0.1984375 0.2520833333333333
1 0.82265625 0.709375 0.2203125 0.26875
1 0.7140625 0.3 0.1953125 0.2625
1 0.340625 0.38125 0.1640625 0.21458333333333332
2 0.6390625 0.896875 0.29375 0.20625
2 0.50859375 0.7052083333333333 0.4265625 0.5895833333333333