1 0.821875 0.7708333333333334 0.178125 0.23333333333333334
1 0.94296875 0.5770833333333333 0.1140625 0.25416666666666665
1 0.6671875 0.359375 0.178125 0.23333333333333334
1 0.74921875 0.3072916666666667 0.1828125 0.2520833333333333
1 0.70625 0.10729166666666666 0.153125 0.19375
1 0.5625 0.09791666666666667 0.153125 0.19375
1 0.12265625 0.5041666666666667 0.1703125 0.2125
1 0.178125 0.296875 0.1703125 0.2125
1 0.33515625 0.3854166666666667 0.1703125 0.2125
1 0.52890625 0.5989583333333334 0.1984375 0.22708333333333333
1 0.6328125 0.5583333333333333 0.1875 0.22708333333333333
1 0.66484375 0.8125 0.1640625 0.2791666666666667
1 0.45234375 0.8208333333333333 0.1203125 0.25625
1 0.41328125 0.159375 0.2234375 0.31875
2 0.28828125 0.7125 0.365625 0.44375