1 0.68828125 0.5510416666666667 0.165625 0.20833333333333334
1 0.82578125 0.09270833333333334 0.1671875 0.18541666666666667
1 0.54453125 0.5666666666666667 0.165625 0.22708333333333333
1 0.72734375 0.859375 0.1828125 0.23333333333333334
1 0.4828125 0.5510416666666667 0.1640625 0.23125
1 0.46953125 0.27708333333333335 0.1765625 0.28125
1 0.271875 0.8177083333333334 0.1953125 0.25416666666666665
1 0.15625 0.6479166666666667 0.1921875 0.20833333333333334
1 0.121875 0.4947916666666667 0.1546875 0.18125
1 0.4296875 0.7697916666666667 0.165625 0.24375
1 0.14921875 0.2 0.178125 0.23541666666666666
2 0.67265625 0.275 0.2703125 0.3854166666666667