1 0.628125 0.23645833333333333 0.1921875 0.19375
1 0.29765625 0.565625 0.20625 0.28125
1 0.5015625 0.6510416666666666 0.20625 0.28125
1 0.14765625 0.44895833333333335 0.2171875 0.2875
1 0.528125 0.8895833333333333 0.209375 0.22083333333333333
1 0.853125 0.39895833333333336 0.159375 0.23333333333333334
1 0.25859375 0.05 0.1640625 0.1
1 0.49296875 0.08645833333333333 0.2046875 0.17291666666666666
1 0.8296875 0.8614583333333333 0.19375 0.26875
1 0.87578125 0.896875 0.1609375 0.20625
2 0.43203125 0.34270833333333334 0.2671875 0.34375
0 0.50078125 0.5104166666666666 0.05625 0.08541666666666667