1 0.90078125 0.6520833333333333 0.178125 0.23125
1 0.57109375 0.32395833333333335 0.1453125 0.19583333333333333
1 0.1328125 0.45208333333333334 0.178125 0.22291666666666668
1 0.7078125 0.17083333333333334 0.178125 0.22291666666666668
1 0.19375 0.6729166666666667 0.184375 0.25625
1 0.0984375 0.89375 0.146875 0.19791666666666666
1 0.2359375 0.9395833333333333 0.165625 0.12083333333333333
1 0.4890625 0.9479166666666666 0.16875 0.10416666666666667
1 0.7046875 0.9291666666666667 0.1625 0.10625
1 0.9015625 0.146875 0.1484375 0.19166666666666668
2 0.58046875 0.6583333333333333 0.2703125 0.34791666666666665
1 0.76171875 0.6770833333333334 0.15 0.23125
1 0.765625 0.509375 0.15 0.23125
1 0.36796875 0.4552083333333333 0.159375 0.2520833333333333
1 0.46171875 0.31875 0.159375 0.21875