1 0.29296875 0.6125 0.1921875 0.25
1 0.659375 0.2604166666666667 0.1921875 0.25
1 0.709375 0.734375 0.1921875 0.25
1 0.56328125 0.49895833333333334 0.1265625 0.25416666666666665
1 0.3265625 0.37604166666666666 0.20625 0.25625
1 0.4953125 0.8708333333333333 0.178125 0.23958333333333334
1 0.3078125 0.8208333333333333 0.2109375 0.22291666666666668
1 0.8640625 0.590625 0.1921875 0.25
1 0.81171875 0.9041666666666667 0.1671875 0.19166666666666668
1 0.6203125 0.0875 0.1890625 0.16666666666666666
1 0.4921875 0.48854166666666665 0.190625 0.24583333333333332
1 0.18203125 0.7989583333333333 0.2 0.21875
2 0.39296875 0.16770833333333332 0.3546875 0.33541666666666664