1 0.625 0.6885416666666667 0.1734375 0.2604166666666667
1 0.7328125 0.16770833333333332 0.1953125 0.22708333333333333
1 0.7546875 0.55625 0.2046875 0.26666666666666666
1 0.82109375 0.3541666666666667 0.19375 0.19583333333333333
1 0.1984375 0.07604166666666666 0.165625 0.15208333333333332
1 0.0859375 0.35520833333333335 0.165625 0.22291666666666668
1 0.075 0.5739583333333333 0.15 0.22291666666666668
1 0.49375 0.840625 0.2109375 0.25833333333333336
1 0.3609375 0.6375 0.184375 0.2520833333333333
1 0.20390625 0.6614583333333334 0.184375 0.2520833333333333
1 0.23515625 0.78125 0.184375 0.2520833333333333
1 0.934375 0.5947916666666667 0.13125 0.22291666666666668
1 0.23359375 0.42083333333333334 0.1640625 0.21875
2 0.4609375 0.4010416666666667 0.38125 0.50625