2 0.28515625 0.7989583333333333 0.20625 0.2833333333333333
1 0.71328125 0.846875 0.1671875 0.1625
1 0.809375 0.8635416666666667 0.1671875 0.18333333333333332
1 0.9296875 0.5770833333333333 0.140625 0.225
1 0.928125 0.6854166666666667 0.1421875 0.225
1 0.890625 0.19791666666666666 0.1421875 0.225
1 0.87578125 0.3385416666666667 0.175 0.23333333333333334
1 0.84140625 0.453125 0.1421875 0.22916666666666666
1 0.79765625 0.5239583333333333 0.1421875 0.22916666666666666
1 0.76171875 0.5489583333333333 0.1421875 0.22916666666666666
1 0.6671875 0.5729166666666666 0.165625 0.23958333333333334
1 0.51171875 0.49375 0.165625 0.23958333333333334
1 0.61171875 0.34270833333333334 0.190625 0.2833333333333333
0 0.7328125 0.24479166666666666 0.059375 0.08958333333333333
0 0.3609375 0.18958333333333333 0.059375 0.08958333333333333
1 0.46953125 0.284375 0.1578125 0.19375
1 0.09609375 0.234375 0.1578125 0.19375
1 0.1609375 0.2125 0.1671875 0.27708333333333335
1 0.07734375 0.46458333333333335 0.1546875 0.2791666666666667
1 0.06796875 0.5958333333333333 0.1359375 0.2125
1 0.19453125 0.6260416666666667 0.1625 0.21875
1 0.24296875 0.5375 0.1625 0.21875
1 0.31328125 0.49895833333333334 0.1625 0.21875
1 0.10234375 0.8572916666666667 0.1625 0.21875
1 0.1125 0.9291666666666667 0.1625 0.14166666666666666
1 0.203125 0.921875 0.1625 0.15625
1 0.678125 0.103125 0.1625 0.20625
1 0.29609375 0.19166666666666668 0.1625 0.21875