1 0.153125 0.07083333333333333 0.1625 0.14166666666666666
1 0.1265625 0.7729166666666667 0.1734375 0.22083333333333333
1 0.22421875 0.5927083333333333 0.159375 0.26666666666666666
1 0.346875 0.47708333333333336 0.1265625 0.26666666666666666
1 0.37109375 0.7489583333333333 0.1734375 0.22083333333333333
1 0.53203125 0.7260416666666667 0.2015625 0.21875
1 0.4953125 0.9 0.203125 0.2
1 0.515625 0.4739583333333333 0.2234375 0.27291666666666664
1 0.76640625 0.78125 0.159375 0.20625
1 0.88515625 0.38958333333333334 0.159375 0.20625
1 0.48984375 0.10729166666666666 0.171875 0.21458333333333332
1 0.7015625 0.17916666666666667 0.1734375 0.23333333333333334
1 0.91015625 0.7458333333333333 0.1484375 0.19375
2 0.10234375 0.32083333333333336 0.2046875 0.41041666666666665