2 0.4078125 0.4583333333333333 0.3859375 0.49166666666666664
1 0.675 0.75625 0.1296875 0.19583333333333333
1 0.81328125 0.225 0.140625 0.22708333333333333
1 0.90234375 0.753125 0.1421875 0.175
1 0.1484375 0.5989583333333334 0.128125 0.20416666666666666
1 0.5921875 0.1375 0.1734375 0.23125
1 0.29453125 0.14375 0.1421875 0.20208333333333334
1 0.07421875 0.12083333333333333 0.115625 0.19583333333333333
1 0.29453125 0.8625 0.196875 0.2520833333333333
1 0.06875 0.7739583333333333 0.1375 0.19791666666666666
1 0.81796875 0.44583333333333336 0.1390625 0.2604166666666667