1 0.215625 0.7020833333333333 0.1609375 0.21666666666666667
1 0.14609375 0.4895833333333333 0.1609375 0.21666666666666667
1 0.40703125 0.14166666666666666 0.1609375 0.21666666666666667
1 0.20625 0.20104166666666667 0.1609375 0.21666666666666667
1 0.92109375 0.39791666666666664 0.1578125 0.24375
1 0.9234375 0.8114583333333333 0.153125 0.24375
1 0.77890625 0.15104166666666666 0.1578125 0.24375
1 0.89453125 0.153125 0.1921875 0.2625
1 0.36328125 0.4666666666666667 0.15625 0.20208333333333334
1 0.40703125 0.6552083333333333 0.15625 0.20208333333333334
1 0.75625 0.7947916666666667 0.1671875 0.21875
1 0.47421875 0.35208333333333336 0.1265625 0.22916666666666666
2 0.53359375 0.5302083333333333 0.196875 0.225