1 0.28515625 0.665625 0.159375 0.22916666666666666
1 0.1875 0.8635416666666667 0.1625 0.21875
1 0.44453125 0.8979166666666667 0.15625 0.20416666666666666
1 0.6359375 0.89375 0.15625 0.20625
1 0.91484375 0.7229166666666667 0.1390625 0.1875
1 0.91640625 0.2875 0.1671875 0.2125
1 0.390625 0.30520833333333336 0.1734375 0.2125
1 0.18828125 0.10104166666666667 0.1734375 0.20208333333333334
1 0.60625 0.6427083333333333 0.2046875 0.21875
1 0.40703125 0.178125 0.165625 0.19375
1 0.28515625 0.446875 0.2015625 0.2833333333333333
2 0.60078125 0.35104166666666664 0.3140625 0.40625