2 0.696875 0.16875 0.365625 0.3375
1 0.3546875 0.16979166666666667 0.1703125 0.21458333333333332
1 0.84296875 0.45416666666666666 0.1640625 0.26875
1 0.19921875 0.12291666666666666 0.1484375 0.18541666666666667
1 0.22421875 0.68125 0.1484375 0.18541666666666667
1 0.20859375 0.3416666666666667 0.1484375 0.18541666666666667
1 0.26328125 0.3385416666666667 0.1578125 0.22708333333333333
1 0.46875 0.17604166666666668 0.159375 0.24583333333333332
1 0.10078125 0.8270833333333333 0.1578125 0.22083333333333333
1 0.1890625 0.7541666666666667 0.1578125 0.22083333333333333
1 0.36953125 0.5770833333333333 0.109375 0.18333333333333332
1 0.4375 0.5427083333333333 0.1171875 0.20833333333333334
1 0.47578125 0.76875 0.1984375 0.2520833333333333
1 0.48359375 0.925 0.1734375 0.15
1 0.40546875 0.84375 0.178125 0.25416666666666665
1 0.7375 0.86875 0.18125 0.21875
1 0.928125 0.728125 0.14375 0.28125
1 0.67421875 0.534375 0.159375 0.23541666666666666
1 0.19296875 0.49270833333333336 0.1765625 0.25