1 0.721875 0.45625 0.221875 0.21458333333333332
1 0.7140625 0.1875 0.2125 0.27291666666666664
1 0.89375 0.17291666666666666 0.175 0.26458333333333334
1 0.48515625 0.19791666666666666 0.1828125 0.24375
1 0.4109375 0.8552083333333333 0.18125 0.22083333333333333
1 0.5359375 0.8114583333333333 0.1359375 0.2
1 0.6328125 0.7197916666666667 0.178125 0.2375
1 0.7484375 0.765625 0.2125 0.22083333333333333
1 0.7953125 0.65625 0.2125 0.22083333333333333
1 0.115625 0.9104166666666667 0.165625 0.17916666666666667
1 0.17890625 0.2947916666666667 0.2046875 0.2125
1 0.340625 0.1 0.2015625 0.17708333333333334
1 0.93984375 0.403125 0.1203125 0.24375
2 0.37734375 0.546875 0.434375 0.55625
0 0.09375 0.721875 0.08125 0.0875