1 0.17578125 0.8802083333333334 0.2078125 0.23958333333333334
1 0.45234375 0.7875 0.2078125 0.26875
1 0.8390625 0.5239583333333333 0.2078125 0.26875
1 0.6640625 0.18229166666666666 0.2078125 0.26875
1 0.59453125 0.46979166666666666 0.2078125 0.26875
1 0.5640625 0.6135416666666667 0.2078125 0.26875
1 0.759375 0.7322916666666667 0.1875 0.2604166666666667
1 0.46875 0.10833333333333334 0.1875 0.21666666666666667
1 0.22109375 0.684375 0.1875 0.23333333333333334
1 0.09140625 0.6645833333333333 0.18125 0.2625
2 0.2890625 0.36041666666666666 0.440625 0.5458333333333333