2 0.784375 0.4 0.2453125 0.2916666666666667
2 0.10546875 0.7416666666666667 0.2109375 0.4041666666666667
0 0.7265625 0.23854166666666668 0.0609375 0.08958333333333333
0 0.82578125 0.9895833333333334 0.0609375 0.020833333333333332
1 0.840625 0.85625 0.2171875 0.23958333333333334
1 0.69765625 0.8614583333333333 0.2171875 0.23958333333333334
1 0.75703125 0.615625 0.2171875 0.23958333333333334
1 0.8453125 0.6 0.2171875 0.23958333333333334
1 0.30859375 0.6635416666666667 0.2171875 0.23958333333333334
1 0.36484375 0.440625 0.2171875 0.23958333333333334
1 0.4703125 0.18958333333333333 0.2171875 0.23958333333333334
1 0.3 0.24375 0.16875 0.24166666666666667
1 0.93671875 0.190625 0.1265625 0.23958333333333334
1 0.9421875 0.3927083333333333 0.115625 0.23541666666666666
1 0.0921875 0.14583333333333334 0.14375 0.26458333333333334
1 0.1328125 0.31666666666666665 0.2046875 0.2791666666666667