1 0.4671875 0.4666666666666667 0.184375 0.25625
1 0.62578125 0.546875 0.184375 0.25625
1 0.48828125 0.6416666666666667 0.184375 0.25625
1 0.30703125 0.48541666666666666 0.184375 0.25625
1 0.81640625 0.815625 0.2125 0.2791666666666667
1 0.88515625 0.5302083333333333 0.1859375 0.24375
1 0.87109375 0.04791666666666667 0.1671875 0.09583333333333334
1 0.125 0.5395833333333333 0.184375 0.25625
1 0.79375 0.559375 0.1609375 0.23958333333333334
1 0.046875 0.23333333333333334 0.09375 0.2916666666666667
2 0.34140625 0.15416666666666667 0.271875 0.275