1 0.596875 0.24375 0.1875 0.24375
1 0.7796875 0.31354166666666666 0.215625 0.25833333333333336
1 0.7703125 0.11875 0.21875 0.19375
1 0.55 0.53125 0.21875 0.25416666666666665
1 0.2984375 0.734375 0.21875 0.25416666666666665
1 0.46796875 0.790625 0.16875 0.22916666666666666
1 0.59375 0.7354166666666667 0.171875 0.2125
1 0.89140625 0.9145833333333333 0.1671875 0.17083333333333334
1 0.91015625 0.7041666666666667 0.1671875 0.2375
1 0.79296875 0.5447916666666667 0.1921875 0.26875
1 0.3796875 0.09375 0.1875 0.1875
1 0.253125 0.20416666666666666 0.1921875 0.25416666666666665
1 0.2265625 0.425 0.1921875 0.25416666666666665
2 0.4015625 0.3458333333333333 0.20625 0.2875
0 0.00703125 0.8291666666666667 0.0140625 0.09166666666666666