2 0.196875 0.190625 0.3046875 0.2875
1 0.56796875 0.11354166666666667 0.2046875 0.22708333333333333
1 0.7203125 0.36666666666666664 0.2046875 0.27708333333333335
1 0.70546875 0.17083333333333334 0.2046875 0.27708333333333335
1 0.8 0.1625 0.2046875 0.27708333333333335
1 0.88984375 0.22916666666666666 0.18125 0.27708333333333335
1 0.8953125 0.3541666666666667 0.209375 0.2875
1 0.28828125 0.753125 0.209375 0.2875
1 0.70078125 0.8041666666666667 0.2 0.25
1 0.83203125 0.7552083333333334 0.2 0.25
1 0.51328125 0.40625 0.18125 0.23541666666666666
1 0.14765625 0.61875 0.203125 0.25
1 0.48203125 0.8614583333333333 0.2078125 0.27708333333333335
1 0.6171875 0.671875 0.2328125 0.2916666666666667
1 0.4484375 0.55625 0.2328125 0.2916666666666667
1 0.1875 0.4083333333333333 0.2515625 0.3
1 0.4171875 0.303125 0.2125 0.2875
0 0.75078125 0.521875 0.0734375 0.08958333333333333
0 0.5984375 0.903125 0.0734375 0.08958333333333333