2 0.24453125 0.44166666666666665 0.3921875 0.45416666666666666
1 0.7109375 0.4 0.203125 0.24583333333333332
1 0.89375 0.628125 0.203125 0.24583333333333332
1 0.6375 0.225 0.178125 0.22291666666666668
1 0.77734375 0.21458333333333332 0.178125 0.22291666666666668
1 0.8921875 0.33125 0.178125 0.22291666666666668
1 0.89609375 0.153125 0.178125 0.22291666666666668
1 0.65390625 0.7916666666666666 0.178125 0.22291666666666668
1 0.59609375 0.7979166666666667 0.178125 0.22291666666666668
1 0.51953125 0.8447916666666667 0.178125 0.22291666666666668
1 0.45234375 0.8677083333333333 0.178125 0.22291666666666668
1 0.28515625 0.9197916666666667 0.1859375 0.16041666666666668
1 0.08046875 0.5635416666666667 0.1609375 0.29375
1 0.4625 0.0875 0.16875 0.175
1 0.33125 0.09895833333333333 0.16875 0.18125
1 0.10859375 0.9385416666666667 0.1671875 0.12291666666666666
1 0.40703125 0.646875 0.19375 0.1875
1 0.79453125 0.08020833333333334 0.2609375 0.16041666666666668
1 0.315625 0.7791666666666667 0.1484375 0.24375
1 0.80859375 0.8760416666666667 0.2078125 0.19791666666666666