1 0.309375 0.653125 0.1875 0.22291666666666668
1 0.21796875 0.21354166666666666 0.2234375 0.25625
1 0.465625 0.16875 0.1765625 0.275
1 0.8921875 0.6354166666666666 0.1859375 0.26666666666666666
1 0.80390625 0.5729166666666666 0.2015625 0.2916666666666667
1 0.66640625 0.2833333333333333 0.1875 0.2708333333333333
1 0.66640625 0.828125 0.209375 0.2604166666666667
1 0.5265625 0.771875 0.203125 0.21666666666666667
1 0.8234375 0.9 0.228125 0.2
1 0.29921875 0.86875 0.2 0.22291666666666668
1 0.12421875 0.075 0.1890625 0.15
1 0.89609375 0.23645833333333333 0.2078125 0.27291666666666664
1 0.1171875 0.590625 0.16875 0.22916666666666666
1 0.065625 0.3729166666666667 0.13125 0.25
1 0.21953125 0.4197916666666667 0.2625 0.27291666666666664
2 0.5078125 0.48541666666666666 0.4421875 0.49375
0 0.4390625 0.8697916666666666 0.06875 0.10208333333333333
0 0.77890625 0.253125 0.0953125 0.11458333333333333