1 0.85 0.4354166666666667 0.2203125 0.2916666666666667
1 0.72890625 0.7239583333333334 0.2 0.2916666666666667
1 0.278125 0.34791666666666665 0.171875 0.24791666666666667
1 0.57734375 0.17291666666666666 0.171875 0.24791666666666667
1 0.8609375 0.18645833333333334 0.1828125 0.24375
1 0.075 0.6 0.15 0.24583333333333332
1 0.3234375 0.5583333333333333 0.1828125 0.24583333333333332
1 0.2171875 0.6916666666666667 0.2 0.24166666666666667
1 0.38671875 0.7489583333333333 0.2 0.24166666666666667
1 0.89140625 0.7947916666666667 0.1765625 0.23958333333333334
1 0.73046875 0.27708333333333335 0.1765625 0.23958333333333334
1 0.19140625 0.8166666666666667 0.1609375 0.18541666666666667
1 0.1546875 0.09270833333333334 0.221875 0.18541666666666667
1 0.409375 0.31875 0.14375 0.29791666666666666
1 0.57421875 0.8739583333333333 0.184375 0.24791666666666667
1 0.11484375 0.37916666666666665 0.184375 0.24791666666666667
1 0.86015625 0.9552083333333333 0.1765625 0.08958333333333333
0 0.66484375 0.9614583333333333 0.0984375 0.07708333333333334
0 0.45234375 0.8520833333333333 0.059375 0.06041666666666667
2 0.55390625 0.5260416666666666 0.43125 0.5333333333333333