1 0.39609375 0.29791666666666666 0.2125 0.25625
1 0.54765625 0.19791666666666666 0.1671875 0.23125
1 0.59921875 0.39895833333333336 0.1671875 0.23125
1 0.7296875 0.54375 0.1671875 0.23125
1 0.315625 0.3802083333333333 0.146875 0.19583333333333333
1 0.83046875 0.8302083333333333 0.178125 0.21875
1 0.5484375 0.890625 0.203125 0.21875
1 0.1640625 0.940625 0.203125 0.11875
1 0.8125 0.12291666666666666 0.20625 0.24583333333333332
1 0.6265625 0.075 0.228125 0.15
1 0.940625 0.6989583333333333 0.11875 0.24375
1 0.93671875 0.440625 0.1265625 0.29791666666666666
1 0.128125 0.3958333333333333 0.2109375 0.29583333333333334
1 0.16015625 0.7989583333333333 0.2109375 0.29583333333333334
2 0.2984375 0.6770833333333334 0.2359375 0.325
0 0.4859375 0.4479166666666667 0.0796875 0.1
0 0.42421875 0.6 0.0796875 0.1
1 0.80859375 0.5020833333333333 0.125 0.2