1 0.6265625 0.10416666666666667 0.175 0.20833333333333334
1 0.54140625 0.34479166666666666 0.1734375 0.29375
1 0.57265625 0.6697916666666667 0.1953125 0.25416666666666665
1 0.165625 0.2833333333333333 0.1984375 0.28541666666666665
1 0.384375 0.14895833333333333 0.1515625 0.20625
1 0.92734375 0.08125 0.1265625 0.1625
1 0.3625 0.48125 0.1921875 0.24583333333333332
1 0.92265625 0.6354166666666666 0.1546875 0.19583333333333333
1 0.90390625 0.7947916666666667 0.190625 0.21041666666666667
1 0.546875 0.896875 0.128125 0.20625
1 0.94609375 0.43333333333333335 0.1078125 0.25416666666666665
1 0.06328125 0.8458333333333333 0.1125 0.25
1 0.05390625 0.39166666666666666 0.1078125 0.19583333333333333
1 0.46328125 0.12395833333333334 0.1515625 0.20625
2 0.771875 0.28854166666666664 0.240625 0.29583333333333334