1 0.3375 0.80625 0.184375 0.24583333333333332
1 0.6921875 0.4197916666666667 0.196875 0.25416666666666665
1 0.51484375 0.6822916666666666 0.15625 0.22916666666666666
1 0.42734375 0.56875 0.2 0.2916666666666667
1 0.63125 0.7791666666666667 0.1671875 0.24791666666666667
1 0.24765625 0.44583333333333336 0.2296875 0.2791666666666667
1 0.17109375 0.765625 0.2328125 0.3
1 0.8484375 0.496875 0.228125 0.21666666666666667
1 0.83125 0.078125 0.184375 0.15625
1 0.9265625 0.7947916666666667 0.146875 0.21041666666666667
1 0.746875 0.7239583333333334 0.190625 0.275
1 0.48046875 0.9135416666666667 0.1984375 0.17291666666666666
1 0.04453125 0.28541666666666665 0.0890625 0.26666666666666666
2 0.51484375 0.23229166666666667 0.4296875 0.46458333333333335