1 0.19765625 0.134375 0.1921875 0.26875
1 0.41171875 0.221875 0.240625 0.24583333333333332
1 0.121875 0.728125 0.203125 0.25416666666666665
1 0.5640625 0.8125 0.203125 0.25416666666666665
1 0.39375 0.6864583333333333 0.2078125 0.2791666666666667
1 0.9125 0.55625 0.171875 0.22916666666666666
1 0.209375 0.4822916666666667 0.1796875 0.24166666666666667
1 0.24609375 0.5708333333333333 0.146875 0.19791666666666666
1 0.38828125 0.4479166666666667 0.19375 0.21458333333333332
1 0.26640625 0.8395833333333333 0.15625 0.2125
1 0.846875 0.8052083333333333 0.1953125 0.22916666666666666
1 0.065625 0.5114583333333333 0.13125 0.26458333333333334
1 0.796875 0.615625 0.10625 0.14791666666666667
2 0.62265625 0.365625 0.44375 0.5708333333333333