2 0.593546875 0.5351458333333333 0.368328125 0.4661458333333333
1 0.315546875 0.2567916666666667 0.12171874999999996 0.18860416666666666
1 0.1976875 0.7965625000000001 0.132875 0.2181458333333334
1 0.08837500000000001 0.27497916666666666 0.136140625 0.16660416666666672
1 0.847453125 0.3769166666666666 0.11990625000000002 0.19552083333333325
1 0.42192187499999995 0.8682916666666666 0.16571874999999991 0.21993749999999987
1 0.7190624999999999 0.8417916666666667 0.134984375 0.19193749999999998
1 0.94028125 0.8488333333333333 0.10867187499999993 0.18935416666666663
1 0.6905625 0.12335416666666668 0.18737499999999993 0.23839583333333333
1 0.92734375 0.19452083333333334 0.1453125 0.1890625
1 0.18471875 0.5758333333333333 0.1288125 0.2516666666666666