2 0.19375 0.49166666666666664 0.23125 0.30416666666666664
0 0.6578125 0.07604166666666666 0.075 0.09583333333333334
0 0.9390625 0.6416666666666667 0.075 0.09583333333333334
0 0.90078125 0.7958333333333333 0.075 0.09583333333333334
0 0.03984375 0.6260416666666667 0.071875 0.09583333333333334
1 0.71640625 0.234375 0.21875 0.2625
1 0.5921875 0.6041666666666666 0.21875 0.2625
1 0.58359375 0.853125 0.21875 0.2625
1 0.128125 0.7479166666666667 0.2171875 0.2625
1 0.15390625 0.871875 0.2171875 0.25625
1 0.2890625 0.975 0.1625 0.05
1 0.340625 0.296875 0.2203125 0.31875
1 0.440625 0.47708333333333336 0.1796875 0.2375
1 0.709375 0.7260416666666667 0.1765625 0.25833333333333336
1 0.5171875 0.415625 0.1796875 0.2375