1 0.0859375 0.21770833333333334 0.134375 0.23541666666666666
1 0.43125 0.13125 0.225 0.25833333333333336
1 0.24765625 0.36770833333333336 0.1796875 0.25
1 0.8796875 0.6 0.19375 0.275
1 0.6859375 0.11875 0.1671875 0.19375
1 0.253125 0.06145833333333333 0.1875 0.12291666666666666
1 0.05546875 0.7854166666666667 0.1109375 0.24166666666666667
1 0.71171875 0.5447916666666667 0.1875 0.24791666666666667
1 0.41171875 0.36041666666666666 0.2265625 0.26875
1 0.59453125 0.25729166666666664 0.2078125 0.25416666666666665
1 0.2078125 0.5166666666666667 0.140625 0.17916666666666667
2 0.48125 0.6614583333333334 0.415625 0.5375