1 0.5375 0.23645833333333333 0.2125 0.24583333333333332
1 0.7984375 0.225 0.2125 0.24583333333333332
1 0.79921875 0.35104166666666664 0.2125 0.24583333333333332
1 0.753125 0.584375 0.2078125 0.21041666666666667
1 0.37109375 0.5354166666666667 0.171875 0.24375
1 0.22578125 0.653125 0.171875 0.24375
1 0.0921875 0.2833333333333333 0.171875 0.24375
1 0.4796875 0.909375 0.178125 0.18125
1 0.375 0.32916666666666666 0.178125 0.21666666666666667
1 0.5453125 0.6802083333333333 0.1875 0.23958333333333334
1 0.94453125 0.7208333333333333 0.1109375 0.25833333333333336
1 0.13046875 0.903125 0.1921875 0.19375
2 0.73828125 0.80625 0.3640625 0.36041666666666666