1 0.1578125 0.065625 0.19375 0.13125
1 0.4953125 0.7979166666666667 0.19375 0.24791666666666667
1 0.3015625 0.42916666666666664 0.1546875 0.19583333333333333
1 0.865625 0.353125 0.1828125 0.24375
1 0.93125 0.6145833333333334 0.1375 0.2375
1 0.7015625 0.8239583333333333 0.1828125 0.24375
1 0.828125 0.9302083333333333 0.18125 0.13958333333333334
1 0.54296875 0.9 0.1890625 0.2
1 0.13203125 0.48333333333333334 0.1921875 0.27708333333333335
1 0.1609375 0.6875 0.2453125 0.3375
1 0.34296875 0.06979166666666667 0.1484375 0.13958333333333334
1 0.75625 0.609375 0.2 0.225
1 0.81484375 0.13854166666666667 0.1578125 0.14375
1 0.9125 0.8989583333333333 0.09375 0.20208333333333334
2 0.57265625 0.3020833333333333 0.340625 0.4375
0 0.390625 0.834375 0.0671875 0.075
0 0.0421875 0.3145833333333333 0.053125 0.07708333333333334