1 0.725 0.8614583333333333 0.1890625 0.25416666666666665
1 0.2953125 0.3302083333333333 0.1890625 0.25416666666666665
1 0.4609375 0.31875 0.1890625 0.25416666666666665
1 0.615625 0.171875 0.21875 0.25833333333333336
1 0.790625 0.25729166666666664 0.15625 0.24583333333333332
1 0.15625 0.7604166666666666 0.1828125 0.21458333333333332
1 0.54609375 0.925 0.1484375 0.15
1 0.71484375 0.6145833333333334 0.1890625 0.25416666666666665
1 0.06015625 0.5770833333333333 0.1203125 0.24583333333333332
0 0.1046875 0.10729166666666666 0.1109375 0.13333333333333333
0 0.328125 0.11875 0.0640625 0.08958333333333333
0 0.16328125 0.6052083333333333 0.0765625 0.11666666666666667
0 0.978125 0.6645833333333333 0.04375 0.10416666666666667
2 0.384375 0.740625 0.328125 0.44375