1 0.5046875 0.846875 0.2234375 0.21666666666666667
1 0.4640625 0.6989583333333333 0.1546875 0.20208333333333334
1 0.2375 0.84375 0.1953125 0.22083333333333333
1 0.3359375 0.22916666666666666 0.171875 0.21875
1 0.54453125 0.2708333333333333 0.175 0.20208333333333334
1 0.5125 0.43020833333333336 0.1578125 0.19166666666666668
1 0.6828125 0.15625 0.2125 0.25416666666666665
1 0.22265625 0.125 0.1546875 0.20833333333333334
1 0.1359375 0.13854166666666667 0.190625 0.22291666666666668
1 0.31875 0.590625 0.240625 0.26458333333333334
1 0.3296875 0.4125 0.184375 0.21041666666666667
1 0.73515625 0.7875 0.19375 0.2791666666666667
1 0.1265625 0.5114583333333333 0.1734375 0.23541666666666666
2 0.8953125 0.6458333333333334 0.209375 0.4583333333333333