1 0.46171875 0.4 0.2046875 0.21666666666666667
1 0.4671875 0.08854166666666667 0.178125 0.17708333333333334
1 0.303125 0.240625 0.178125 0.18333333333333332
1 0.20546875 0.18333333333333332 0.15 0.17916666666666667
1 0.859375 0.1 0.1546875 0.16875
1 0.23828125 0.4979166666666667 0.15 0.18125
1 0.7 0.8947916666666667 0.15 0.18125
1 0.7828125 0.8802083333333334 0.15 0.18125
1 0.42578125 0.8697916666666666 0.15 0.18125
1 0.81953125 0.2947916666666667 0.1625 0.23333333333333334
1 0.6828125 0.084375 0.165625 0.15625
1 0.11015625 0.41041666666666665 0.1609375 0.21666666666666667
2 0.465625 0.6770833333333334 0.196875 0.27291666666666664
0 0.665625 0.2 0.0609375 0.0875
0 0.446875 0.19375 0.0609375 0.0875