1 0.68046875 0.13958333333333334 0.178125 0.22916666666666666
1 0.5765625 0.42291666666666666 0.175 0.2604166666666667
1 0.4953125 0.6791666666666667 0.1703125 0.22291666666666668
1 0.31015625 0.7541666666666667 0.1828125 0.21458333333333332
1 0.1765625 0.8958333333333334 0.2 0.20833333333333334
1 0.0734375 0.234375 0.146875 0.23125
1 0.8125 0.3229166666666667 0.221875 0.2875
1 0.9046875 0.4583333333333333 0.190625 0.26666666666666666
1 0.26953125 0.21354166666666666 0.1921875 0.25
1 0.46953125 0.846875 0.1921875 0.25
1 0.90859375 0.175 0.1546875 0.24166666666666667
2 0.196875 0.48125 0.3375 0.40625
0 0.80625 0.13958333333333334 0.078125 0.09166666666666666