1 0.45546875 0.8083333333333333 0.1890625 0.1875
1 0.66875 0.3385416666666667 0.2 0.275
1 0.45625 0.3614583333333333 0.2 0.275
1 0.840625 0.37083333333333335 0.2109375 0.28125
1 0.35859375 0.13541666666666666 0.2046875 0.25
1 0.20078125 0.7697916666666667 0.15625 0.22916666666666666
1 0.86328125 0.840625 0.1609375 0.19166666666666668
1 0.62734375 0.896875 0.203125 0.2
1 0.09375 0.32916666666666666 0.1875 0.2625
1 0.05234375 0.2791666666666667 0.1046875 0.2875
2 0.6078125 0.6125 0.2609375 0.33541666666666664
0 0.49609375 0.490625 0.0546875 0.08333333333333333