2 0.53515625 0.8322916666666667 0.2734375 0.33125
1 0.421875 0.5322916666666667 0.14375 0.19791666666666666
1 0.59296875 0.290625 0.1609375 0.21041666666666667
1 0.39765625 0.253125 0.1609375 0.21041666666666667
1 0.084375 0.2864583333333333 0.165625 0.25625
1 0.30703125 0.6260416666666667 0.1671875 0.25625
1 0.05546875 0.671875 0.1078125 0.24791666666666667
1 0.06484375 0.5239583333333333 0.1265625 0.18125
1 0.203125 0.403125 0.128125 0.18125
1 0.29296875 0.07395833333333333 0.1828125 0.14791666666666667
1 0.33984375 0.434375 0.1609375 0.21041666666666667
1 0.26484375 0.928125 0.1578125 0.13958333333333334
1 0.3625 0.9364583333333333 0.125 0.12291666666666666
1 0.6859375 0.5489583333333333 0.1625 0.20625
1 0.7390625 0.51875 0.1 0.15
1 0.93125 0.5145833333333333 0.134375 0.21666666666666667
1 0.9015625 0.4166666666666667 0.134375 0.21666666666666667
1 0.93125 0.12291666666666666 0.134375 0.24583333333333332
1 0.93203125 0.890625 0.1359375 0.21458333333333332
1 0.81640625 0.7416666666666667 0.1890625 0.275
1 0.6921875 0.7333333333333333 0.18125 0.22083333333333333
1 0.5109375 0.18958333333333333 0.190625 0.25416666666666665