2 0.703125 0.5916666666666667 0.2625 0.29375
1 0.525 0.296875 0.2015625 0.24166666666666667
1 0.85546875 0.4583333333333333 0.15 0.20208333333333334
1 0.88359375 0.2833333333333333 0.2140625 0.225
1 0.6078125 0.83125 0.1625 0.21666666666666667
1 0.72421875 0.8614583333333333 0.1625 0.21666666666666667
1 0.78203125 0.8604166666666667 0.1625 0.21666666666666667
1 0.88828125 0.865625 0.1625 0.21666666666666667
1 0.43046875 0.7458333333333333 0.1625 0.21666666666666667
1 0.26328125 0.728125 0.1625 0.21666666666666667
1 0.16328125 0.5 0.1625 0.21666666666666667
1 0.17890625 0.109375 0.1859375 0.21875
1 0.36015625 0.09791666666666667 0.1859375 0.19583333333333333
1 0.74609375 0.11145833333333334 0.1859375 0.20416666666666666
1 0.7109375 0.26875 0.1859375 0.20625
0 0.96953125 0.10416666666666667 0.0609375 0.09166666666666666
0 0.11328125 0.625 0.05625 0.06666666666666667
1 0.3140625 0.46458333333333335 0.2015625 0.24166666666666667
1 0.1609375 0.8916666666666667 0.140625 0.19166666666666668