1 0.12890625 0.215625 0.1875 0.2125
1 0.11875 0.41770833333333335 0.178125 0.20208333333333334
1 0.2296875 0.6145833333333334 0.1796875 0.225
1 0.11640625 0.7552083333333334 0.1859375 0.2125
1 0.31171875 0.8041666666666667 0.1828125 0.1875
1 0.45625 0.815625 0.1890625 0.20833333333333334
1 0.63515625 0.8489583333333334 0.175 0.23958333333333334
1 0.75625 0.840625 0.1640625 0.18333333333333332
1 0.77890625 0.6447916666666667 0.165625 0.23541666666666666
1 0.86640625 0.55 0.1984375 0.17291666666666666
1 0.84140625 0.3729166666666667 0.2 0.18125
1 0.60234375 0.20416666666666666 0.1796875 0.2125
1 0.8578125 0.14791666666666667 0.1875 0.25416666666666665
1 0.37265625 0.3020833333333333 0.2 0.28958333333333336
2 0.55078125 0.49375 0.36875 0.4791666666666667