1 0.55859375 0.8208333333333333 0.1765625 0.21458333333333332
1 0.390625 0.8479166666666667 0.1765625 0.21458333333333332
1 0.2015625 0.8520833333333333 0.1765625 0.21458333333333332
1 0.08984375 0.6395833333333333 0.1796875 0.24583333333333332
1 0.1515625 0.090625 0.184375 0.18125
1 0.3796875 0.325 0.1875 0.2520833333333333
1 0.30703125 0.134375 0.1765625 0.2375
1 0.9390625 0.8302083333333333 0.1078125 0.24375
1 0.9265625 0.39479166666666665 0.146875 0.21875
1 0.309375 0.4822916666666667 0.153125 0.21875
1 0.16796875 0.23020833333333332 0.1953125 0.2125
2 0.60078125 0.42916666666666664 0.4171875 0.39791666666666664