1 0.72890625 0.359375 0.1890625 0.23958333333333334
1 0.77109375 0.15416666666666667 0.1703125 0.2375
1 0.9125 0.578125 0.175 0.2604166666666667
1 0.76875 0.790625 0.1921875 0.25416666666666665
1 0.73203125 0.6104166666666667 0.203125 0.24791666666666667
1 0.52265625 0.24270833333333333 0.20625 0.30625
1 0.2515625 0.4010416666666667 0.203125 0.24791666666666667
1 0.1046875 0.7302083333333333 0.1921875 0.2520833333333333
1 0.8609375 0.08020833333333334 0.2125 0.16041666666666668
1 0.09296875 0.3458333333333333 0.1703125 0.28125
2 0.46953125 0.5666666666666667 0.440625 0.55