1 0.56796875 0.384375 0.184375 0.21875
1 0.090625 0.5802083333333333 0.18125 0.27708333333333335
1 0.66875 0.6 0.2140625 0.20416666666666666
1 0.528125 0.10729166666666666 0.178125 0.2
1 0.2515625 0.8677083333333333 0.178125 0.2
1 0.453125 0.6458333333333334 0.178125 0.2
1 0.88125 0.09479166666666666 0.165625 0.18958333333333333
1 0.8109375 0.8572916666666667 0.16875 0.18958333333333333
1 0.690625 0.06979166666666667 0.16875 0.13958333333333334
1 0.0578125 0.17604166666666668 0.115625 0.19375
1 0.31328125 0.13958333333333334 0.1703125 0.19375
2 0.7421875 0.3375 0.203125 0.275