1 0.30234375 0.6354166666666666 0.196875 0.2375
1 0.23359375 0.1875 0.2328125 0.27291666666666664
1 0.4828125 0.165625 0.1890625 0.2875
1 0.884375 0.671875 0.196875 0.2791666666666667
1 0.79921875 0.6010416666666667 0.2140625 0.30625
1 0.67734375 0.2989583333333333 0.1984375 0.2833333333333333
1 0.64921875 0.8427083333333333 0.2203125 0.27708333333333335
1 0.5125 0.7739583333333333 0.2109375 0.23333333333333334
1 0.8 0.909375 0.2375 0.18125
1 0.28046875 0.8489583333333334 0.209375 0.2375
1 0.1484375 0.06145833333333333 0.196875 0.12291666666666666
1 0.9 0.27291666666666664 0.2 0.2875
1 0.11328125 0.5552083333333333 0.178125 0.23958333333333334
1 0.0734375 0.3333333333333333 0.14375 0.25833333333333336
1 0.22421875 0.39375 0.2734375 0.29375
2 0.5078125 0.4864583333333333 0.4609375 0.5270833333333333
0 0.4203125 0.8635416666666667 0.0734375 0.10625
0 0.790625 0.2791666666666667 0.1 0.12083333333333333