1 0.840625 0.30625 0.178125 0.27291666666666664
1 0.8625 0.69375 0.178125 0.27291666666666664
1 0.675 0.28958333333333336 0.178125 0.27291666666666664
1 0.18671875 0.2864583333333333 0.196875 0.27291666666666664
1 0.61484375 0.5677083333333334 0.184375 0.25833333333333336
1 0.62421875 0.7645833333333333 0.1859375 0.2125
1 0.090625 0.48333333333333334 0.1734375 0.22083333333333333
1 0.52578125 0.11041666666666666 0.1984375 0.22083333333333333
1 0.66875 0.078125 0.171875 0.15625
1 0.4015625 0.6520833333333333 0.2171875 0.23333333333333334
1 0.50234375 0.90625 0.1859375 0.1875
2 0.41953125 0.3614583333333333 0.4015625 0.4875
0 0.0734375 0.34375 0.0578125 0.08958333333333333