1 0.71171875 0.8385416666666666 0.1875 0.2791666666666667
1 0.2703125 0.5625 0.15625 0.22083333333333333
1 0.421875 0.9104166666666667 0.1734375 0.17708333333333334
1 0.46640625 0.6072916666666667 0.1796875 0.23541666666666666
1 0.85625 0.5479166666666667 0.178125 0.20625
1 0.690625 0.43125 0.18125 0.17708333333333334
1 0.671875 0.634375 0.165625 0.20416666666666666
1 0.14765625 0.371875 0.165625 0.25
1 0.909375 0.775 0.1640625 0.24791666666666667
1 0.3671875 0.809375 0.2078125 0.25416666666666665
1 0.440625 0.07708333333333334 0.2125 0.15416666666666667
2 0.40546875 0.328125 0.3375 0.45