1 0.94609375 0.278125 0.1078125 0.23958333333333334
1 0.640625 0.084375 0.209375 0.1625
1 0.74375 0.08958333333333333 0.1703125 0.14375
1 0.16796875 0.11770833333333333 0.15 0.2
1 0.459375 0.28229166666666666 0.1859375 0.20625
1 0.08984375 0.765625 0.1796875 0.23958333333333334
1 0.81875 0.6520833333333333 0.1453125 0.20208333333333334
1 0.7390625 0.4041666666666667 0.1453125 0.20208333333333334
1 0.8578125 0.4895833333333333 0.19375 0.25416666666666665
1 0.24140625 0.2864583333333333 0.175 0.1625
1 0.09375 0.3177083333333333 0.15 0.2
2 0.3390625 0.6322916666666667 0.4515625 0.5708333333333333