1 0.85859375 0.8385416666666666 0.1984375 0.2520833333333333
1 0.67421875 0.528125 0.1984375 0.2520833333333333
1 0.6515625 0.3333333333333333 0.146875 0.18125
1 0.165625 0.475 0.109375 0.24375
1 0.2140625 0.65 0.159375 0.19583333333333333
1 0.16328125 0.10625 0.1390625 0.17083333333333334
1 0.40546875 0.13854166666666667 0.15625 0.19583333333333333
1 0.5 0.21041666666666667 0.203125 0.22083333333333333
1 0.77734375 0.23020833333333332 0.146875 0.18125
1 0.53125 0.7364583333333333 0.2578125 0.15625
1 0.46484375 0.7854166666666667 0.165625 0.20416666666666666
0 0.05234375 0.48333333333333334 0.0609375 0.08333333333333333
0 0.21484375 0.26875 0.0734375 0.10208333333333333
0 0.71953125 0.8572916666666667 0.1 0.11666666666666667
2 0.371875 0.4354166666666667 0.325 0.46875