1 0.209375 0.7197916666666667 0.1625 0.21458333333333332
1 0.16015625 0.49375 0.1953125 0.2875
1 0.375 0.446875 0.1734375 0.22083333333333333
1 0.8796875 0.6760416666666667 0.1640625 0.2
1 0.6421875 0.834375 0.2 0.2125
1 0.8015625 0.29375 0.1453125 0.16875
1 0.43671875 0.7510416666666667 0.1734375 0.23333333333333334
1 0.8296875 0.7802083333333333 0.1484375 0.20416666666666666
1 0.66015625 0.246875 0.14375 0.18125
1 0.621875 0.5770833333333333 0.159375 0.17291666666666666
1 0.78046875 0.5302083333333333 0.1578125 0.20208333333333334
1 0.6625 0.5041666666666667 0.1484375 0.1625
2 0.415625 0.16041666666666668 0.41875 0.32083333333333336