1 0.68671875 0.34791666666666665 0.165625 0.21041666666666667
1 0.63671875 0.8927083333333333 0.1703125 0.21458333333333332
1 0.5625 0.5395833333333333 0.134375 0.12916666666666668
1 0.2078125 0.40208333333333335 0.178125 0.20208333333333334
1 0.07734375 0.7020833333333333 0.1546875 0.25416666666666665
1 0.821875 0.24583333333333332 0.2015625 0.1875
1 0.8859375 0.9520833333333333 0.1625 0.09583333333333334
0 0.9109375 0.35833333333333334 0.08125 0.11041666666666666
0 0.5296875 0.42604166666666665 0.075 0.09583333333333334
0 0.03515625 0.86875 0.0640625 0.08333333333333333
0 0.1640625 0.7166666666666667 0.065625 0.08333333333333333
2 0.82109375 0.5958333333333333 0.321875 0.4041666666666667