1 0.47578125 0.5822916666666667 0.190625 0.23958333333333334
1 0.28984375 0.7989583333333333 0.190625 0.23958333333333334
1 0.82578125 0.6583333333333333 0.1578125 0.18333333333333332
1 0.91953125 0.428125 0.1609375 0.2604166666666667
1 0.28046875 0.09270833333333334 0.1921875 0.18541666666666667
1 0.071875 0.609375 0.14375 0.28125
1 0.64921875 0.6114583333333333 0.2234375 0.29375
1 0.575 0.35833333333333334 0.196875 0.2604166666666667
1 0.86328125 0.98125 0.1265625 0.0375
1 0.728125 0.15416666666666667 0.175 0.2125
1 0.14375 0.11875 0.16875 0.21666666666666667
2 0.25390625 0.33541666666666664 0.31875 0.3958333333333333
2 0.49921875 0.06458333333333334 0.05625 0.06875