2 0.5484375 0.60625 0.3078125 0.4083333333333333
1 0.87890625 0.26145833333333335 0.1859375 0.22083333333333333
1 0.80703125 0.109375 0.1765625 0.21875
1 0.7234375 0.19583333333333333 0.1765625 0.22708333333333333
1 0.66328125 0.3302083333333333 0.14375 0.23125
1 0.628125 0.27708333333333335 0.14375 0.23125
1 0.59375 0.24895833333333334 0.14375 0.23125
1 0.53984375 0.22916666666666666 0.14375 0.23125
1 0.140625 0.27708333333333335 0.16875 0.21666666666666667
1 0.08125 0.12916666666666668 0.1625 0.21666666666666667
1 0.125 0.8875 0.16875 0.21666666666666667
1 0.10234375 0.8052083333333333 0.196875 0.22916666666666666
1 0.8765625 0.6208333333333333 0.196875 0.22916666666666666
1 0.796875 0.7489583333333333 0.196875 0.22916666666666666
1 0.87734375 0.81875 0.196875 0.22916666666666666
1 0.48828125 0.925 0.1921875 0.15
1 0.53046875 0.05520833333333333 0.1359375 0.11041666666666666
1 0.46328125 0.04895833333333333 0.13125 0.09791666666666667