2 0.29609375 0.3302083333333333 0.3046875 0.4083333333333333
1 0.42265625 0.68125 0.1890625 0.23333333333333334
1 0.35546875 0.6395833333333333 0.1890625 0.23333333333333334
1 0.7078125 0.5125 0.1609375 0.23125
1 0.85859375 0.63125 0.1890625 0.23333333333333334
1 0.90625 0.178125 0.1625 0.2520833333333333
1 0.4546875 0.12083333333333333 0.1625 0.24166666666666667
1 0.0671875 0.39895833333333336 0.134375 0.21041666666666667
1 0.08671875 0.653125 0.1671875 0.23333333333333334
1 0.18671875 0.7479166666666667 0.1703125 0.23333333333333334
1 0.5921875 0.828125 0.2140625 0.2604166666666667
1 0.7125 0.7385416666666667 0.165625 0.24166666666666667
1 0.9140625 0.334375 0.1640625 0.24166666666666667
1 0.66171875 0.525 0.1109375 0.22291666666666668
1 0.76015625 0.8864583333333333 0.1625 0.18125
1 0.8515625 0.8760416666666667 0.1625 0.18125
0 0.3 0.7979166666666667 0.0609375 0.07916666666666666
1 0.79296875 0.30833333333333335 0.1609375 0.23125
1 0.275 0.9197916666666667 0.171875 0.16041666666666668
1 0.18984375 0.13229166666666667 0.221875 0.20625