1 0.20625 0.49375 0.16875 0.21041666666666667
1 0.17109375 0.7083333333333334 0.153125 0.2125
1 0.08828125 0.828125 0.1328125 0.23541666666666666
1 0.221875 0.890625 0.1875 0.21875
1 0.88359375 0.6645833333333333 0.1640625 0.22083333333333333
1 0.909375 0.8270833333333333 0.18125 0.2125
1 0.73515625 0.6489583333333333 0.21875 0.2875
1 0.6578125 0.37083333333333335 0.1765625 0.25625
1 0.85546875 0.05625 0.1421875 0.1125
1 0.64375 0.15729166666666666 0.178125 0.21875
1 0.6203125 0.9125 0.1484375 0.1625
1 0.7375 0.15 0.1796875 0.2791666666666667
1 0.0609375 0.621875 0.121875 0.21041666666666667
1 0.57890625 0.5395833333333333 0.16875 0.21041666666666667
2 0.453125 0.328125 0.43125 0.5479166666666667