2 0.43984375 0.40520833333333334 0.3515625 0.4666666666666667
1 0.15390625 0.8145833333333333 0.2078125 0.25625
1 0.2421875 0.9114583333333334 0.2 0.17708333333333334
1 0.31484375 0.846875 0.2 0.2604166666666667
1 0.35859375 0.7010416666666667 0.16875 0.25625
1 0.39921875 0.746875 0.16875 0.25625
1 0.43671875 0.7677083333333333 0.16875 0.25625
1 0.4921875 0.7760416666666666 0.16875 0.25625
1 0.88125 0.6447916666666667 0.190625 0.24791666666666667
1 0.93203125 0.7760416666666666 0.1359375 0.24791666666666667
1 0.8234375 0.08125 0.190625 0.1625
1 0.85703125 0.12395833333333334 0.2203125 0.24791666666666667
1 0.1140625 0.459375 0.2203125 0.26666666666666666
1 0.17734375 0.315625 0.2203125 0.26666666666666666
1 0.1 0.26458333333333334 0.2 0.26666666666666666
1 0.4609375 0.08541666666666667 0.20625 0.17083333333333334
1 0.521875 0.9385416666666667 0.146875 0.12291666666666666
1 0.5890625 0.9375 0.140625 0.125