1 0.8015625 0.5489583333333333 0.1984375 0.2375
1 0.73046875 0.44479166666666664 0.1984375 0.2375
1 0.61953125 0.84375 0.1984375 0.2375
1 0.8609375 0.8052083333333333 0.209375 0.2708333333333333
1 0.778125 0.8052083333333333 0.1828125 0.24791666666666667
1 0.3578125 0.5166666666666667 0.1984375 0.2375
1 0.56328125 0.16145833333333334 0.1984375 0.2375
1 0.9171875 0.34791666666666665 0.165625 0.2375
1 0.4078125 0.8177083333333334 0.1984375 0.2375
1 0.09609375 0.7229166666666667 0.1921875 0.2375
1 0.1546875 0.17604166666666668 0.1984375 0.2375
1 0.3015625 0.2708333333333333 0.1984375 0.2375
1 0.20859375 0.075 0.1515625 0.15
1 0.1828125 0.5302083333333333 0.2515625 0.29375
1 0.7453125 0.125 0.1671875 0.18541666666666667
2 0.36015625 0.09791666666666667 0.2046875 0.19583333333333333
0 0.5546875 0.8072916666666666 0.0609375 0.07291666666666667