1 0.28984375 0.09583333333333334 0.1984375 0.19166666666666668
1 0.28984375 0.9020833333333333 0.1875 0.17916666666666667
1 0.92265625 0.6427083333333333 0.153125 0.22916666666666666
1 0.1015625 0.28125 0.190625 0.18541666666666667
1 0.3859375 0.371875 0.1984375 0.21458333333333332
1 0.18515625 0.7541666666666667 0.1984375 0.21458333333333332
1 0.4671875 0.7447916666666666 0.1859375 0.22708333333333333
1 0.87734375 0.19479166666666667 0.1953125 0.25833333333333336
1 0.92890625 0.3614583333333333 0.1421875 0.21041666666666667
0 0.45 0.21979166666666666 0.059375 0.08125
2 0.6921875 0.753125 0.3390625 0.40208333333333335