2 0.4828125 0.896875 0.25 0.20625
0 0.86484375 0.328125 0.096875 0.11666666666666667
1 0.38515625 0.625 0.246875 0.30416666666666664
1 0.5515625 0.6083333333333333 0.2125 0.2708333333333333
1 0.5984375 0.8083333333333333 0.2125 0.2708333333333333
1 0.646875 0.21875 0.2125 0.2708333333333333
1 0.7546875 0.13958333333333334 0.2125 0.2708333333333333
1 0.5875 0.08229166666666667 0.19375 0.16458333333333333
1 0.4953125 0.07083333333333333 0.171875 0.14166666666666666
1 0.17265625 0.8427083333333333 0.1703125 0.23125
1 0.228125 0.78125 0.1703125 0.23125
1 0.2265625 0.6458333333333334 0.1703125 0.23125
1 0.165625 0.63125 0.1703125 0.23125
1 0.12734375 0.6020833333333333 0.1703125 0.23125
1 0.08984375 0.546875 0.1796875 0.25625
1 0.09375 0.22604166666666667 0.1875 0.23958333333333334
1 0.8109375 0.753125 0.2015625 0.25416666666666665
1 0.9375 0.5604166666666667 0.125 0.25833333333333336
1 0.93671875 0.75 0.1265625 0.2375
1 0.5359375 0.28541666666666665 0.2125 0.2604166666666667
1 0.37421875 0.3302083333333333 0.1515625 0.21666666666666667
1 0.359375 0.221875 0.1515625 0.21666666666666667
1 0.4171875 0.11770833333333333 0.2 0.23541666666666666