2 0.67890625 0.5052083333333334 0.3375 0.48333333333333334
1 0.3625 0.5197916666666667 0.1515625 0.18125
1 0.2875 0.6010416666666667 0.1515625 0.18125
1 0.2296875 0.7260416666666667 0.1515625 0.18125
1 0.21796875 0.6416666666666667 0.1546875 0.22291666666666668
1 0.16328125 0.628125 0.1234375 0.175
1 0.1671875 0.4552083333333333 0.1828125 0.225
1 0.87734375 0.21145833333333333 0.178125 0.25625
1 0.6125 0.8614583333333333 0.1609375 0.23541666666666666
1 0.41640625 0.8052083333333333 0.1609375 0.23541666666666666
1 0.43203125 0.7458333333333333 0.1984375 0.24583333333333332
1 0.5421875 0.7354166666666667 0.1609375 0.21041666666666667
1 0.2796875 0.31666666666666665 0.1625 0.23333333333333334
1 0.590625 0.17604166666666668 0.1625 0.23333333333333334
1 0.7375 0.10104166666666667 0.2125 0.20208333333333334
1 0.78125 0.8395833333333333 0.1875 0.26458333333333334
0 0.846875 0.5885416666666666 0.0640625 0.09791666666666667
1 0.484375 0.06770833333333333 0.153125 0.13541666666666666
1 0.93046875 0.6708333333333333 0.1390625 0.23333333333333334