1 0.4109375 0.41354166666666664 0.1796875 0.2125
1 0.91015625 0.425 0.1796875 0.2708333333333333
1 0.35859375 0.6583333333333333 0.2109375 0.19583333333333333
1 0.39140625 0.13229166666666667 0.175 0.19375
1 0.81484375 0.7625 0.175 0.19375
1 0.575 0.6229166666666667 0.175 0.19375
1 0.0640625 0.23541666666666666 0.128125 0.21666666666666667
1 0.275 0.9322916666666666 0.165625 0.13541666666666666
1 0.22265625 0.13229166666666667 0.165625 0.18541666666666667
1 0.8828125 0.05520833333333333 0.165625 0.11041666666666666
1 0.60390625 0.08958333333333333 0.1671875 0.17916666666666667
2 0.23359375 0.4322916666666667 0.196875 0.26875