1 0.78359375 0.6458333333333334 0.1859375 0.2125
1 0.803125 0.3229166666666667 0.190625 0.24791666666666667
1 0.69921875 0.17604166666666668 0.159375 0.23333333333333334
1 0.59140625 0.5625 0.1859375 0.27708333333333335
1 0.484375 0.7927083333333333 0.175 0.22708333333333333
1 0.66171875 0.8385416666666666 0.2140625 0.24791666666666667
1 0.43046875 0.9104166666666667 0.1921875 0.17916666666666667
1 0.5625 0.16770833333333332 0.1703125 0.2
1 0.628125 0.30416666666666664 0.1703125 0.2
2 0.2953125 0.428125 0.290625 0.35833333333333334
0 0.92109375 0.9125 0.0703125 0.08958333333333333
0 0.1953125 0.5833333333333334 0.071875 0.10208333333333333