1 0.41640625 0.23541666666666666 0.178125 0.22916666666666666
1 0.23125 0.28854166666666664 0.2046875 0.23958333333333334
1 0.25 0.09479166666666666 0.2109375 0.17708333333333334
1 0.4484375 0.5260416666666666 0.2078125 0.23541666666666666
1 0.6890625 0.753125 0.2078125 0.23541666666666666
1 0.5171875 0.7927083333333333 0.1578125 0.21458333333333332
1 0.39375 0.7260416666666667 0.1625 0.19791666666666666
1 0.08515625 0.9 0.1578125 0.2
1 0.0796875 0.665625 0.1578125 0.22291666666666668
1 0.20546875 0.5177083333333333 0.1796875 0.25416666666666665
1 0.640625 0.09583333333333334 0.178125 0.19166666666666668
1 0.76171875 0.228125 0.18125 0.23958333333333334
1 0.77734375 0.4510416666666667 0.18125 0.23958333333333334
2 0.60625 0.35520833333333335 0.1921875 0.2708333333333333
0 0.984375 0.8739583333333333 0.03125 0.08958333333333333