1 0.203125 0.16354166666666667 0.171875 0.22083333333333333
1 0.1484375 0.39479166666666665 0.16875 0.25625
1 0.48515625 0.7947916666666667 0.16875 0.25625
1 0.2421875 0.8364583333333333 0.1625 0.18958333333333333
1 0.303125 0.8635416666666667 0.1625 0.18958333333333333
1 0.0609375 0.653125 0.121875 0.21875
1 0.6421875 0.6322916666666667 0.146875 0.20416666666666666
1 0.71953125 0.39479166666666665 0.1703125 0.20416666666666666
1 0.7625 0.10729166666666666 0.1703125 0.20208333333333334
1 0.52421875 0.15416666666666667 0.1703125 0.20416666666666666
1 0.85390625 0.23229166666666667 0.178125 0.23125
2 0.440625 0.4666666666666667 0.3546875 0.4354166666666667