1 0.64296875 0.853125 0.2328125 0.29375
1 0.32578125 0.3302083333333333 0.2328125 0.29791666666666666
1 0.1578125 0.196875 0.2328125 0.29791666666666666
1 0.0859375 0.46458333333333335 0.171875 0.25
1 0.09609375 0.696875 0.1921875 0.26875
1 0.24453125 0.81875 0.1984375 0.26875
1 0.41953125 0.8635416666666667 0.1984375 0.26875
1 0.4640625 0.684375 0.240625 0.25625
1 0.9015625 0.5114583333333333 0.196875 0.29375
1 0.71640625 0.6489583333333333 0.209375 0.22916666666666666
1 0.50703125 0.14375 0.171875 0.24375
1 0.90859375 0.3145833333333333 0.1828125 0.2625
1 0.675 0.11666666666666667 0.1765625 0.19375
1 0.33203125 0.06666666666666667 0.1765625 0.13333333333333333
2 0.59453125 0.39791666666666664 0.4953125 0.5708333333333333