1 0.296875 0.16770833333333332 0.1828125 0.22916666666666666
1 0.1359375 0.21041666666666667 0.1828125 0.22916666666666666
1 0.3140625 0.434375 0.1828125 0.22916666666666666
1 0.60859375 0.7854166666666667 0.1984375 0.25
1 0.6984375 0.5635416666666667 0.2109375 0.28541666666666665
1 0.68125 0.18854166666666666 0.16875 0.23333333333333334
1 0.25859375 0.871875 0.2109375 0.25625
1 0.3625 0.9375 0.171875 0.125
1 0.11796875 0.6135416666666667 0.2015625 0.2
1 0.8515625 0.13333333333333333 0.209375 0.26666666666666666
1 0.5296875 0.08645833333333333 0.15625 0.17291666666666666
1 0.70234375 0.7302083333333333 0.203125 0.22291666666666668
1 0.421875 0.8041666666666667 0.1921875 0.26458333333333334
2 0.54140625 0.3875 0.3609375 0.49166666666666664