1 0.5828125 0.5552083333333333 0.1640625 0.23958333333333334
1 0.51640625 0.8697916666666666 0.190625 0.2520833333333333
1 0.2921875 0.753125 0.1484375 0.2125
1 0.7984375 0.371875 0.1578125 0.22291666666666668
1 0.7140625 0.4979166666666667 0.171875 0.23333333333333334
1 0.7640625 0.7229166666666667 0.171875 0.23333333333333334
1 0.5859375 0.13229166666666667 0.196875 0.26458333333333334
1 0.0671875 0.35208333333333336 0.134375 0.24375
1 0.446875 0.128125 0.190625 0.25625
1 0.078125 0.7572916666666667 0.15625 0.25625
2 0.2953125 0.478125 0.3078125 0.38125
0 0.8265625 0.5229166666666667 0.059375 0.07916666666666666
0 0.23359375 0.865625 0.0609375 0.09375
0 0.05546875 0.70625 0.0359375 0.05416666666666667
0 0.58828125 0.696875 0.0625 0.07916666666666666