1 0.68671875 0.56875 0.1375 0.20625
1 0.78046875 0.5666666666666667 0.1375 0.20625
1 0.69140625 0.165625 0.1546875 0.20625
1 0.4125 0.103125 0.1546875 0.20625
1 0.5328125 0.41354166666666664 0.1328125 0.23958333333333334
1 0.11875 0.3375 0.1578125 0.2375
1 0.0515625 0.7166666666666667 0.1 0.23125
2 0.32890625 0.41458333333333336 0.3515625 0.4083333333333333
1 0.70703125 0.7520833333333333 0.1671875 0.20208333333333334
1 0.55 0.7875 0.1671875 0.20208333333333334
1 0.4484375 0.8552083333333333 0.18125 0.20416666666666666