1 0.54453125 0.6229166666666667 0.146875 0.21875
1 0.821875 0.35520833333333335 0.2234375 0.25
1 0.65859375 0.5791666666666667 0.19375 0.2708333333333333
1 0.3265625 0.521875 0.2453125 0.3375
1 0.08984375 0.42916666666666664 0.134375 0.22916666666666666
1 0.83671875 0.7135416666666666 0.134375 0.22916666666666666
1 0.83359375 0.134375 0.1421875 0.22708333333333333
1 0.065625 0.19791666666666666 0.13125 0.19583333333333333
1 0.37890625 0.34479166666666666 0.1890625 0.22916666666666666
2 0.56875 0.20520833333333333 0.3484375 0.4
0 0.203125 0.15520833333333334 0.0578125 0.08125
1 0.7078125 0.7520833333333333 0.178125 0.2375