1 0.890625 0.5739583333333333 0.178125 0.24583333333333332
1 0.7625 0.7802083333333333 0.2171875 0.2604166666666667
1 0.12265625 0.28020833333333334 0.1875 0.24166666666666667
1 0.35546875 0.3229166666666667 0.16875 0.26875
1 0.63125 0.559375 0.2125 0.2520833333333333
1 0.30625 0.7447916666666666 0.16875 0.26875
1 0.4640625 0.7822916666666667 0.175 0.2916666666666667
1 0.253125 0.08125 0.178125 0.1625
1 0.58359375 0.9302083333333333 0.1484375 0.13958333333333334
1 0.40078125 0.084375 0.1671875 0.16875
1 0.9171875 0.125 0.165625 0.15833333333333333
1 0.0484375 0.521875 0.096875 0.21875
1 0.9 0.9239583333333333 0.14375 0.15208333333333332