1 0.20859375 0.3177083333333333 0.1625 0.21875
1 0.146875 0.5354166666666667 0.1625 0.21875
1 0.42109375 0.8645833333333334 0.1625 0.21875
1 0.21796875 0.8197916666666667 0.1625 0.21875
1 0.921875 0.5729166666666666 0.15625 0.24583333333333332
1 0.9140625 0.15833333333333333 0.1609375 0.24583333333333332
1 0.7921875 0.8291666666666667 0.1609375 0.24583333333333332
1 0.9046875 0.81875 0.190625 0.26666666666666666
1 0.36484375 0.5427083333333333 0.1578125 0.20416666666666666
1 0.40078125 0.35104166666666664 0.1578125 0.20416666666666666
1 0.74453125 0.1875 0.1703125 0.22291666666666668
1 0.4796875 0.65 0.1296875 0.23333333333333334
2 0.53203125 0.46770833333333334 0.2 0.22916666666666666