1 0.3640625 0.596875 0.1953125 0.24375
1 0.41796875 0.3302083333333333 0.1953125 0.24375
1 0.38515625 0.12916666666666668 0.1953125 0.24375
1 0.659375 0.775 0.1953125 0.24375
1 0.77578125 0.921875 0.1453125 0.15625
1 0.7109375 0.41875 0.1796875 0.2375
1 0.83203125 0.4 0.1796875 0.2375
1 0.75 0.228125 0.184375 0.22291666666666668
1 0.16171875 0.6666666666666666 0.184375 0.22291666666666668
1 0.23046875 0.3072916666666667 0.2125 0.24791666666666667
1 0.0890625 0.446875 0.178125 0.28541666666666665
1 0.3296875 0.8583333333333333 0.184375 0.22291666666666668
1 0.27109375 0.8229166666666666 0.184375 0.22291666666666668
1 0.12890625 0.140625 0.184375 0.22291666666666668
2 0.8640625 0.6885416666666667 0.271875 0.48541666666666666
0 0.69296875 0.56875 0.0703125 0.10833333333333334