1 0.1625 0.296875 0.1734375 0.23125
1 0.46015625 0.5927083333333333 0.1875 0.29375
1 0.2953125 0.75 0.16875 0.21666666666666667
1 0.6875 0.740625 0.2171875 0.2708333333333333
1 0.82734375 0.14166666666666666 0.16875 0.22916666666666666
1 0.33046875 0.18229166666666666 0.1640625 0.23958333333333334
1 0.19296875 0.53125 0.196875 0.2125
1 0.1734375 0.8875 0.1671875 0.18125
1 0.91484375 0.6572916666666667 0.1703125 0.22708333333333333
1 0.228125 0.6354166666666666 0.271875 0.17708333333333334
2 0.60078125 0.278125 0.3796875 0.44166666666666665