1 0.5359375 0.39375 0.20625 0.24375
1 0.68125 0.521875 0.2171875 0.2833333333333333
1 0.68515625 0.525 0.2171875 0.2833333333333333
1 0.79296875 0.384375 0.2046875 0.2625
1 0.94375 0.7666666666666667 0.1125 0.2125
1 0.25703125 0.9072916666666667 0.1921875 0.18541666666666667
1 0.17890625 0.7208333333333333 0.1921875 0.25416666666666665
1 0.8390625 0.15104166666666666 0.1609375 0.225
1 0.8875 0.5645833333333333 0.1609375 0.225
1 0.87421875 0.384375 0.1609375 0.225
1 0.39296875 0.37604166666666666 0.1390625 0.24583333333333332
1 0.409375 0.825 0.171875 0.22291666666666668
1 0.30078125 0.6885416666666667 0.1859375 0.225
1 0.309375 0.121875 0.178125 0.18541666666666667
1 0.6765625 0.3145833333333333 0.1734375 0.24375
2 0.20234375 0.40729166666666666 0.3671875 0.50625
0 0.42890625 0.17604166666666668 0.0765625 0.09791666666666667