1 0.24453125 0.28854166666666664 0.14375 0.18333333333333332
1 0.1609375 0.11875 0.14375 0.1625
1 0.2640625 0.09375 0.146875 0.14166666666666666
1 0.278125 0.48020833333333335 0.1625 0.225
1 0.3703125 0.15729166666666666 0.1484375 0.19583333333333333
1 0.87109375 0.38125 0.15625 0.22708333333333333
1 0.63515625 0.4635416666666667 0.1859375 0.25
1 0.79765625 0.6447916666666667 0.171875 0.2375
1 0.85234375 0.7604166666666666 0.1640625 0.21666666666666667
1 0.75703125 0.10833333333333334 0.1828125 0.21666666666666667
1 0.128125 0.915625 0.196875 0.16875
1 0.1453125 0.390625 0.1734375 0.23333333333333334
1 0.171875 0.659375 0.14375 0.22083333333333333
1 0.17421875 0.6541666666666667 0.14375 0.22083333333333333
0 0.72265625 0.8395833333333333 0.075 0.10833333333333334
2 0.43359375 0.7625 0.3953125 0.475