1 0.640625 0.865625 0.18125 0.22916666666666666
1 0.9453125 0.37916666666666665 0.109375 0.21666666666666667
1 0.82421875 0.15729166666666666 0.16875 0.175
1 0.6671875 0.13125 0.1984375 0.225
1 0.83671875 0.346875 0.2 0.22708333333333333
1 0.84140625 0.7416666666666667 0.1765625 0.25416666666666665
1 0.78359375 0.8020833333333334 0.140625 0.21875
1 0.809375 0.90625 0.190625 0.1875
1 0.6203125 0.36875 0.190625 0.26458333333333334
1 0.21953125 0.27708333333333335 0.1578125 0.21041666666666667
2 0.44765625 0.625 0.3625 0.44583333333333336