1 0.703125 0.153125 0.178125 0.19583333333333333
1 0.47421875 0.75625 0.1890625 0.22708333333333333
1 0.17578125 0.8875 0.1890625 0.225
1 0.078125 0.71875 0.153125 0.21875
1 0.18125 0.56875 0.1890625 0.22708333333333333
1 0.82734375 0.21666666666666667 0.125 0.275
1 0.25078125 0.11770833333333333 0.1890625 0.22708333333333333
1 0.2859375 0.3416666666666667 0.1890625 0.22708333333333333
1 0.3921875 0.921875 0.18125 0.15625
1 0.8484375 0.815625 0.1890625 0.22708333333333333
2 0.6375 0.46770833333333334 0.3453125 0.44166666666666665