1 0.55 0.159375 0.24375 0.2604166666666667
1 0.490625 0.29583333333333334 0.175 0.23125
1 0.2859375 0.11458333333333333 0.215625 0.22916666666666666
1 0.303125 0.7291666666666666 0.19375 0.25
1 0.5140625 0.7364583333333333 0.1953125 0.23541666666666666
1 0.503125 0.571875 0.1765625 0.22083333333333333
1 0.634375 0.8666666666666667 0.2375 0.26666666666666666
1 0.178125 0.8052083333333333 0.1765625 0.2375
1 0.1 0.7708333333333334 0.2 0.25833333333333336
1 0.3328125 0.36875 0.265625 0.3104166666666667
1 0.3203125 0.546875 0.2046875 0.24375
1 0.76875 0.271875 0.221875 0.3125
1 0.13359375 0.40208333333333335 0.1984375 0.26666666666666666
2 0.8890625 0.4479166666666667 0.221875 0.49166666666666664