1 0.4390625 0.696875 0.1640625 0.26458333333333334
1 0.4359375 0.7010416666666667 0.1640625 0.26458333333333334
1 0.66015625 0.8916666666666667 0.1609375 0.20416666666666666
1 0.6171875 0.6114583333333333 0.1609375 0.20625
1 0.353125 0.5010416666666667 0.1921875 0.20833333333333334
1 0.24296875 0.26666666666666666 0.1984375 0.2604166666666667
1 0.7828125 0.6875 0.1984375 0.2604166666666667
1 0.79140625 0.28125 0.171875 0.23958333333333334
1 0.9234375 0.18333333333333332 0.1421875 0.2
1 0.07265625 0.3729166666666667 0.1453125 0.25833333333333336
2 0.5671875 0.28541666666666665 0.484375 0.5708333333333333