1 0.7453125 0.42604166666666665 0.1828125 0.23125
1 0.81953125 0.2375 0.165625 0.23125
1 0.90078125 0.6927083333333334 0.1875 0.2520833333333333
1 0.7171875 0.859375 0.1875 0.24583333333333332
1 0.71015625 0.671875 0.1984375 0.23958333333333334
1 0.5625 0.25416666666666665 0.2 0.3
1 0.27265625 0.334375 0.1984375 0.23958333333333334
1 0.08515625 0.615625 0.1703125 0.24375
1 0.91015625 0.15208333333333332 0.1796875 0.22916666666666666
1 0.12578125 0.23645833333333333 0.1640625 0.275
2 0.459375 0.5572916666666666 0.4296875 0.5333333333333333