1 0.88203125 0.5666666666666667 0.1875 0.25625
1 0.72578125 0.4979166666666667 0.1875 0.25625
1 0.7859375 0.7541666666666667 0.1875 0.25625
1 0.89296875 0.7958333333333333 0.1609375 0.24375
1 0.5046875 0.540625 0.18125 0.24583333333333332
1 0.6140625 0.6739583333333333 0.225 0.24791666666666667
1 0.63359375 0.84375 0.20625 0.20625
1 0.7703125 0.953125 0.20625 0.09375
1 0.1359375 0.6625 0.2375 0.2833333333333333
1 0.28984375 0.8645833333333334 0.21875 0.21041666666666667
1 0.48828125 0.7489583333333333 0.1921875 0.25625
1 0.26953125 0.42291666666666666 0.2015625 0.2916666666666667
1 0.1734375 0.43854166666666666 0.196875 0.25833333333333336
1 0.87421875 0.2375 0.1875 0.25625
1 0.38046875 0.23645833333333333 0.1875 0.25625
2 0.60625 0.24166666666666667 0.41875 0.48333333333333334