1 0.290625 0.11458333333333333 0.1875 0.22916666666666666
1 0.18828125 0.43645833333333334 0.1875 0.24583333333333332
1 0.94375 0.24895833333333334 0.1125 0.24375
1 0.9171875 0.5104166666666666 0.165625 0.24583333333333332
1 0.78515625 0.7572916666666667 0.1875 0.24583333333333332
1 0.3328125 0.73125 0.2109375 0.25833333333333336
1 0.09921875 0.440625 0.1984375 0.3145833333333333
1 0.49609375 0.625 0.1890625 0.22291666666666668
1 0.425 0.32916666666666666 0.1875 0.23333333333333334
1 0.3 0.8510416666666667 0.1875 0.23541666666666666
0 0.58984375 0.9614583333333333 0.0828125 0.07708333333333334
0 0.06796875 0.703125 0.0640625 0.08125
0 0.83515625 0.63125 0.0734375 0.09583333333333334
0 0.86796875 0.25104166666666666 0.08125 0.09583333333333334
0 0.64921875 0.06354166666666666 0.0671875 0.06875
2 0.69765625 0.384375 0.4421875 0.5666666666666667