1 0.8015625 0.22083333333333333 0.16875 0.21041666666666667
1 0.5578125 0.23125 0.190625 0.23958333333333334
1 0.3234375 0.23645833333333333 0.184375 0.21041666666666667
1 0.13828125 0.171875 0.1578125 0.2875
1 0.8546875 0.5302083333333333 0.2140625 0.30833333333333335
1 0.54609375 0.440625 0.190625 0.23958333333333334
1 0.43515625 0.42083333333333334 0.1703125 0.23541666666666666
1 0.4671875 0.7645833333333333 0.190625 0.23958333333333334
1 0.56640625 0.6614583333333334 0.20625 0.25
1 0.68125 0.5958333333333333 0.20625 0.25
1 0.8328125 0.821875 0.20625 0.25
1 0.26953125 0.396875 0.1765625 0.225
1 0.1984375 0.4 0.1765625 0.225
1 0.2359375 0.6020833333333333 0.2078125 0.24166666666666667
1 0.33359375 0.8291666666666667 0.2078125 0.24166666666666667
1 0.41953125 0.09895833333333333 0.2484375 0.19791666666666666
1 0.6859375 0.7958333333333333 0.16875 0.21041666666666667
1 0.65078125 0.8947916666666667 0.16875 0.21041666666666667
2 0.15078125 0.8125 0.3015625 0.275