2 0.66328125 0.5 0.36875 0.44166666666666665
1 0.24375 0.4510416666666667 0.1640625 0.19583333333333333
1 0.14765625 0.7395833333333334 0.1640625 0.19583333333333333
1 0.128125 0.1875 0.1953125 0.26458333333333334
1 0.79296875 0.2677083333333333 0.159375 0.21666666666666667
1 0.8921875 0.8729166666666667 0.18125 0.15416666666666667
1 0.50078125 0.83125 0.1765625 0.22916666666666666
1 0.290625 0.775 0.203125 0.275
1 0.92265625 0.6385416666666667 0.1546875 0.26458333333333334
1 0.91640625 0.24791666666666667 0.140625 0.20416666666666666
1 0.91328125 0.18854166666666666 0.134375 0.18958333333333333
1 0.29609375 0.16770833333333332 0.1359375 0.18958333333333333
0 0.8046875 0.8197916666666667 0.0625 0.07916666666666666