1 0.384375 0.6239583333333333 0.2234375 0.2375
1 0.9015625 0.628125 0.1921875 0.2375
1 0.87421875 0.365625 0.190625 0.25
1 0.91640625 0.12708333333333333 0.1671875 0.20416666666666666
1 0.68046875 0.3260416666666667 0.1796875 0.20625
1 0.7109375 0.5364583333333334 0.171875 0.20416666666666666
1 0.515625 0.42083333333333334 0.1484375 0.27708333333333335
1 0.4703125 0.8885416666666667 0.1703125 0.21875
1 0.7671875 0.8427083333333333 0.2046875 0.23958333333333334
1 0.08203125 0.5083333333333333 0.1640625 0.24583333333333332
1 0.08828125 0.2875 0.1703125 0.24375
1 0.2484375 0.746875 0.1703125 0.24375
1 0.571875 0.6739583333333333 0.1703125 0.24375
1 0.13984375 0.052083333333333336 0.1984375 0.10416666666666667
2 0.61484375 0.140625 0.3640625 0.28125