1 0.9 0.528125 0.175 0.18541666666666667
1 0.70234375 0.7510416666666667 0.1671875 0.22291666666666668
1 0.846875 0.7 0.13125 0.2916666666666667
1 0.365625 0.64375 0.184375 0.21666666666666667
1 0.51328125 0.7697916666666667 0.1703125 0.17291666666666666
1 0.55 0.509375 0.1375 0.28541666666666665
1 0.42734375 0.44895833333333335 0.1671875 0.22291666666666668
1 0.10234375 0.6447916666666667 0.1828125 0.22291666666666668
1 0.09765625 0.32395833333333335 0.1828125 0.22291666666666668
1 0.52578125 0.9239583333333333 0.1859375 0.15208333333333332
1 0.7 0.5208333333333334 0.19375 0.17916666666666667
1 0.82578125 0.253125 0.1921875 0.21875
1 0.2953125 0.534375 0.1375 0.17291666666666666
1 0.1875 0.06979166666666667 0.1375 0.13541666666666666
1 0.3578125 0.86875 0.15 0.2625
0 0.20234375 0.17083333333333334 0.0765625 0.08333333333333333
2 0.5265625 0.19479166666666667 0.34375 0.3854166666666667