1 0.22578125 0.19895833333333332 0.15625 0.20208333333333334
1 0.05625 0.31666666666666665 0.1125 0.19583333333333333
1 0.6734375 0.225 0.1484375 0.24375
1 0.69140625 0.78125 0.1390625 0.225
1 0.95234375 0.8541666666666666 0.0953125 0.175
1 0.4328125 0.11041666666666666 0.16875 0.22083333333333333
1 0.5421875 0.07083333333333333 0.1125 0.14166666666666666
1 0.30390625 0.584375 0.171875 0.19583333333333333
1 0.1609375 0.5604166666666667 0.171875 0.19583333333333333
1 0.6453125 0.5666666666666667 0.18125 0.23333333333333334
1 0.559375 0.6135416666666667 0.1859375 0.24791666666666667
1 0.90625 0.33125 0.18125 0.23333333333333334
0 0.17265625 0.9104166666666667 0.075 0.125
0 0.6421875 0.9114583333333334 0.096875 0.10416666666666667
2 0.34609375 0.8510416666666667 0.3453125 0.29791666666666666