1 0.1984375 0.4114583333333333 0.2234375 0.25625
1 0.49765625 0.29583333333333334 0.1375 0.24166666666666667
1 0.36484375 0.5302083333333333 0.2234375 0.25625
1 0.36796875 0.5354166666666667 0.2234375 0.25625
1 0.409375 0.646875 0.1515625 0.19583333333333333
1 0.50625 0.7229166666666667 0.2234375 0.25625
1 0.53515625 0.8854166666666666 0.1921875 0.22916666666666666
1 0.875 0.9125 0.165625 0.175
1 0.92890625 0.709375 0.1234375 0.22916666666666666
1 0.628125 0.2125 0.1921875 0.2604166666666667
1 0.928125 0.225 0.14375 0.2375
1 0.9125 0.4270833333333333 0.175 0.2375
1 0.8375 0.22291666666666668 0.1828125 0.20416666666666666
1 0.11328125 0.7833333333333333 0.1828125 0.25416666666666665
1 0.0625 0.559375 0.125 0.17708333333333334
2 0.725 0.496875 0.3890625 0.49583333333333335
0 0.39140625 0.36354166666666665 0.1125 0.15625
0 0.0359375 0.8489583333333334 0.071875 0.10625