1 0.425 0.6885416666666667 0.2125 0.27291666666666664
1 0.8140625 0.6020833333333333 0.1359375 0.18541666666666667
1 0.6734375 0.6895833333333333 0.1703125 0.19583333333333333
1 0.68515625 0.39166666666666666 0.1546875 0.17291666666666666
1 0.51796875 0.46145833333333336 0.1765625 0.19166666666666668
1 0.3515625 0.26145833333333335 0.1484375 0.2
1 0.17734375 0.23020833333333332 0.175 0.23958333333333334
1 0.5296875 0.14375 0.1890625 0.22083333333333333
1 0.78671875 0.20520833333333333 0.1828125 0.23333333333333334
1 0.2046875 0.690625 0.1609375 0.19791666666666666
1 0.14609375 0.4822916666666667 0.175 0.24791666666666667
1 0.571875 0.8729166666666667 0.1765625 0.23125
2 0.81640625 0.8197916666666667 0.3671875 0.34791666666666665