1 0.78984375 0.43854166666666666 0.153125 0.18541666666666667
1 0.84765625 0.6458333333333334 0.1359375 0.18958333333333333
1 0.9421875 0.7489583333333333 0.1125 0.21666666666666667
1 0.81640625 0.8385416666666666 0.1703125 0.19583333333333333
1 0.1375 0.734375 0.146875 0.19791666666666666
1 0.121875 0.9010416666666666 0.178125 0.18125
1 0.2828125 0.690625 0.1953125 0.25416666666666665
1 0.33046875 0.4010416666666667 0.1546875 0.23125
1 0.096875 0.08645833333333333 0.125 0.17291666666666666
1 0.321875 0.1875 0.1609375 0.19166666666666668
1 0.42421875 0.9302083333333333 0.1359375 0.1375
1 0.228125 0.19791666666666666 0.1546875 0.25416666666666665
1 0.946875 0.5385416666666667 0.10625 0.19375
1 0.42578125 0.553125 0.153125 0.18541666666666667
2 0.528125 0.321875 0.3859375 0.48333333333333334