1 0.30625 0.14479166666666668 0.1828125 0.20416666666666666
1 0.51875 0.7572916666666667 0.19375 0.23541666666666666
1 0.8125 0.89375 0.19375 0.2125
1 0.91640625 0.7385416666666667 0.1578125 0.225
1 0.81640625 0.5833333333333334 0.19375 0.23541666666666666
1 0.1796875 0.20104166666666667 0.1328125 0.28125
1 0.759375 0.12916666666666668 0.19375 0.23541666666666666
1 0.71796875 0.35104166666666664 0.19375 0.23541666666666666
1 0.59609375 0.921875 0.1859375 0.15625
1 0.14296875 0.7989583333333333 0.19375 0.23541666666666666
2 0.36328125 0.46145833333333336 0.35625 0.45625