1 0.234375 0.9020833333333333 0.175 0.19583333333333333
1 0.66015625 0.86875 0.175 0.22916666666666666
1 0.76015625 0.71875 0.2015625 0.2375
1 0.77734375 0.5020833333333333 0.18125 0.22708333333333333
1 0.71171875 0.30625 0.1859375 0.23958333333333334
1 0.6203125 0.4947916666666667 0.1640625 0.23958333333333334
1 0.24921875 0.3770833333333333 0.1953125 0.2375
1 0.50546875 0.2677083333333333 0.2109375 0.2791666666666667
1 0.11484375 0.23333333333333334 0.203125 0.2708333333333333
1 0.33203125 0.153125 0.221875 0.27291666666666664
1 0.1546875 0.5604166666666667 0.1953125 0.2375
1 0.10078125 0.6572916666666667 0.19375 0.2375
1 0.40859375 0.47708333333333336 0.2046875 0.25833333333333336
1 0.78359375 0.11041666666666666 0.2109375 0.22083333333333333
1 0.8890625 0.315625 0.1921875 0.2604166666666667
1 0.92734375 0.778125 0.1453125 0.2604166666666667
1 0.92890625 0.5145833333333333 0.1421875 0.24166666666666667
1 0.49453125 0.08854166666666667 0.1796875 0.17708333333333334
2 0.44765625 0.7635416666666667 0.3953125 0.47291666666666665