2 0.39453125 0.2677083333333333 0.246875 0.30833333333333335
1 0.33515625 0.559375 0.175 0.26875
1 0.0953125 0.8395833333333333 0.171875 0.26875
1 0.2296875 0.6875 0.1765625 0.24375
1 0.1484375 0.5583333333333333 0.175 0.24375
1 0.2078125 0.415625 0.1765625 0.24375
1 0.12734375 0.36770833333333336 0.175 0.24375
1 0.07578125 0.20833333333333334 0.1515625 0.21666666666666667
1 0.51953125 0.08333333333333333 0.1671875 0.16666666666666666
1 0.6671875 0.21875 0.1734375 0.21875
1 0.7625 0.21979166666666666 0.1296875 0.23125
1 0.82890625 0.265625 0.1921875 0.28125
1 0.9375 0.34791666666666665 0.1234375 0.2375
1 0.9203125 0.08125 0.134375 0.1625
1 0.87578125 0.6802083333333333 0.1671875 0.19375
1 0.71640625 0.6833333333333333 0.2578125 0.275
1 0.57265625 0.903125 0.1671875 0.19166666666666668
1 0.4640625 0.6072916666666667 0.1671875 0.19375
1 0.57109375 0.4114583333333333 0.1671875 0.19375
0 0.246875 0.26875 0.059375 0.09791666666666667
0 0.1859375 0.24166666666666667 0.059375 0.09791666666666667
0 0.2796875 0.10729166666666666 0.059375 0.09791666666666667
1 0.2390625 0.9260416666666667 0.190625 0.14791666666666667