1 0.6640625 0.46770833333333334 0.175 0.2375
1 0.58671875 0.4583333333333333 0.184375 0.2916666666666667
1 0.83984375 0.38333333333333336 0.203125 0.2604166666666667
1 0.8796875 0.18020833333333333 0.1765625 0.22708333333333333
1 0.39609375 0.47291666666666665 0.190625 0.25416666666666665
1 0.12578125 0.74375 0.1609375 0.22083333333333333
1 0.0734375 0.2916666666666667 0.146875 0.225
1 0.9109375 0.8020833333333334 0.1546875 0.19583333333333333
1 0.4453125 0.6739583333333333 0.153125 0.20625
1 0.153125 0.20520833333333333 0.2078125 0.26875
1 0.4484375 0.175 0.2125 0.2375
2 0.6359375 0.8 0.378125 0.4