1 0.74296875 0.84375 0.19375 0.225
1 0.88828125 0.7364583333333333 0.203125 0.2520833333333333
1 0.5375 0.7052083333333333 0.23125 0.3
1 0.396875 0.9395833333333333 0.178125 0.12083333333333333
1 0.1078125 0.546875 0.215625 0.28541666666666665
1 0.4875 0.11770833333333333 0.18125 0.23541666666666666
1 0.30625 0.8614583333333333 0.2125 0.26458333333333334
1 0.63125 0.46145833333333336 0.2125 0.26458333333333334
1 0.7921875 0.3375 0.2125 0.26458333333333334
1 0.2828125 0.12604166666666666 0.2234375 0.19166666666666668
1 0.05 0.29270833333333335 0.1 0.23541666666666666
2 0.36484375 0.353125 0.378125 0.48125