1 0.29921875 0.37604166666666666 0.1828125 0.25
1 0.53125 0.3958333333333333 0.1828125 0.25
1 0.596875 0.18854166666666666 0.1828125 0.25
1 0.41640625 0.228125 0.1703125 0.23125
1 0.29765625 0.10208333333333333 0.1703125 0.20416666666666666
1 0.29296875 0.584375 0.1703125 0.23125
1 0.37734375 0.7822916666666667 0.1921875 0.23333333333333334
1 0.45546875 0.5875 0.1921875 0.23333333333333334
1 0.85234375 0.7354166666666667 0.196875 0.27291666666666664
1 0.90859375 0.22604166666666667 0.1828125 0.27291666666666664
1 0.76640625 0.3489583333333333 0.2359375 0.26875
1 0.1328125 0.6427083333333333 0.196875 0.27291666666666664
1 0.12578125 0.4239583333333333 0.196875 0.27291666666666664
2 0.6203125 0.8625 0.375 0.275