1 0.384375 0.896875 0.18125 0.20625
1 0.4625 0.6572916666666667 0.1796875 0.3
1 0.4234375 0.3333333333333333 0.2015625 0.2625
1 0.83984375 0.7010416666666667 0.2046875 0.29375
1 0.625 0.8458333333333333 0.15625 0.2125
1 0.0828125 0.9270833333333334 0.13125 0.14583333333333334
1 0.6375 0.5125 0.1984375 0.25416666666666665
1 0.0765625 0.38333333333333336 0.153125 0.20416666666666666
1 0.09296875 0.22395833333333334 0.1859375 0.21875
1 0.4421875 0.10416666666666667 0.134375 0.20833333333333334
1 0.05625 0.5875 0.1125 0.25833333333333336
1 0.92734375 0.134375 0.11875 0.25416666666666665
1 0.9453125 0.5864583333333333 0.109375 0.20208333333333334
1 0.54609375 0.8739583333333333 0.15625 0.2125
2 0.23359375 0.7239583333333334 0.246875 0.30625