1 0.3578125 0.2760416666666667 0.165625 0.24166666666666667
1 0.071875 0.43333333333333335 0.14375 0.24166666666666667
1 0.19375 0.18229166666666666 0.234375 0.2875
1 0.37890625 0.5 0.175 0.26666666666666666
1 0.4421875 0.9208333333333333 0.16875 0.15833333333333333
1 0.28828125 0.8354166666666667 0.21875 0.26875
1 0.7921875 0.3302083333333333 0.175 0.2375
1 0.90078125 0.4625 0.1984375 0.2833333333333333
1 0.6640625 0.4947916666666667 0.178125 0.23958333333333334
1 0.61484375 0.8760416666666667 0.2125 0.24583333333333332
1 0.60078125 0.18854166666666666 0.1984375 0.25625
0 0.79609375 0.14791666666666667 0.0671875 0.09375
2 0.8375 0.75625 0.325 0.4166666666666667