2 0.81875 0.46145833333333336 0.3625 0.38958333333333334
1 0.3515625 0.584375 0.20625 0.21458333333333332
1 0.33125 0.43854166666666666 0.1765625 0.23125
1 0.303125 0.25 0.1765625 0.23125
1 0.47734375 0.3020833333333333 0.1515625 0.23333333333333334
1 0.55 0.22291666666666668 0.159375 0.2791666666666667
1 0.67421875 0.28020833333333334 0.1609375 0.21666666666666667
1 0.90625 0.23645833333333333 0.184375 0.22291666666666668
1 0.7265625 0.11145833333333334 0.2046875 0.19791666666666666
1 0.440625 0.10833333333333334 0.140625 0.21666666666666667
1 0.12734375 0.11979166666666667 0.171875 0.22083333333333333
1 0.18359375 0.33125 0.171875 0.22083333333333333
1 0.15625 0.4625 0.171875 0.22083333333333333
1 0.06484375 0.37604166666666666 0.1296875 0.21041666666666667
0 0.3328125 0.10520833333333333 0.075 0.08333333333333333
0 0.39609375 0.8614583333333333 0.075 0.08333333333333333
1 0.571875 0.875 0.1390625 0.19375
1 0.13125 0.6677083333333333 0.184375 0.26875
1 0.49140625 0.053125 0.1328125 0.10625