1 0.20625 0.6114583333333333 0.1875 0.225
1 0.553125 0.5479166666666667 0.1515625 0.20208333333333334
1 0.9046875 0.7239583333333334 0.140625 0.26666666666666666
1 0.540625 0.24791666666666667 0.18125 0.20625
1 0.17890625 0.1375 0.1953125 0.23958333333333334
1 0.2734375 0.37604166666666666 0.171875 0.225
1 0.3953125 0.40520833333333334 0.1875 0.24791666666666667
1 0.346875 0.8979166666666667 0.1890625 0.20208333333333334
1 0.3875 0.6416666666666667 0.1625 0.2125
1 0.6515625 0.38958333333333334 0.159375 0.20208333333333334
1 0.77421875 0.22604166666666667 0.15625 0.24791666666666667
1 0.77109375 0.45729166666666665 0.14375 0.25625
1 0.66796875 0.08541666666666667 0.1734375 0.1625
2 0.69453125 0.8083333333333333 0.3609375 0.38333333333333336
0 0.1359375 0.24375 0.0609375 0.08125
0 0.1828125 0.2791666666666667 0.0578125 0.075