2 0.2015625 0.40729166666666666 0.1984375 0.2604166666666667
0 0.7203125 0.12916666666666668 0.065625 0.08125
0 0.9078125 0.7604166666666666 0.065625 0.08125
0 0.84609375 0.9 0.065625 0.08125
0 0.03046875 0.4947916666666667 0.0609375 0.08125
1 0.753125 0.3 0.1921875 0.21875
1 0.57421875 0.6270833333333333 0.1921875 0.21875
1 0.52734375 0.86875 0.1921875 0.21875
1 0.09765625 0.6395833333333333 0.190625 0.21875
1 0.103125 0.7708333333333334 0.190625 0.21875
1 0.2109375 0.9489583333333333 0.15 0.10208333333333333
1 0.37578125 0.25729166666666664 0.184375 0.28125
1 0.4453125 0.46145833333333336 0.1546875 0.20416666666666666
1 0.66953125 0.7791666666666667 0.146875 0.22916666666666666
1 0.5296875 0.421875 0.1546875 0.20416666666666666