1 0.834375 0.3625 0.1953125 0.25833333333333336
1 0.6609375 0.278125 0.1453125 0.17916666666666667
1 0.94453125 0.48333333333333334 0.1109375 0.25416666666666665
1 0.56640625 0.6604166666666667 0.1703125 0.20833333333333334
1 0.28125 0.85625 0.19375 0.21666666666666667
1 0.70625 0.7979166666666667 0.1921875 0.26458333333333334
1 0.10859375 0.7864583333333334 0.2171875 0.25625
1 0.20078125 0.08541666666666667 0.1890625 0.17083333333333334
1 0.08828125 0.2916666666666667 0.16875 0.28958333333333336
1 0.6484375 0.11354166666666667 0.1609375 0.19583333333333333
1 0.08359375 0.5364583333333334 0.1671875 0.26458333333333334
1 0.615625 0.9072916666666667 0.225 0.18541666666666667
1 0.39765625 0.13229166666666667 0.225 0.25833333333333336
0 0.92578125 0.190625 0.0828125 0.11041666666666666
2 0.36953125 0.3770833333333333 0.3015625 0.45208333333333334
0 0.85625 0.709375 0.0875 0.09375