1 0.4125 0.19166666666666668 0.184375 0.225
1 0.5765625 0.13645833333333332 0.184375 0.225
1 0.7640625 0.10729166666666666 0.184375 0.21458333333333332
1 0.89765625 0.2947916666666667 0.1953125 0.25833333333333336
1 0.88359375 0.859375 0.1921875 0.2125
1 0.6359375 0.6541666666666667 0.196875 0.26458333333333334
1 0.725 0.83125 0.184375 0.24791666666666667
1 0.04609375 0.24375 0.0921875 0.25
1 0.084375 0.6739583333333333 0.159375 0.22916666666666666
1 0.690625 0.4864583333333333 0.1609375 0.22916666666666666
1 0.8546875 0.7135416666666666 0.203125 0.225
2 0.40625 0.5864583333333333 0.43125 0.425