1 0.40703125 0.8729166666666667 0.18125 0.21875
1 0.89140625 0.5 0.209375 0.28958333333333336
1 0.8671875 0.24270833333333333 0.1625 0.2604166666666667
1 0.94140625 0.21770833333333334 0.1171875 0.2604166666666667
1 0.64375 0.6010416666666667 0.184375 0.22916666666666666
1 0.3 0.5822916666666667 0.184375 0.22916666666666666
1 0.1671875 0.17604166666666668 0.18125 0.24166666666666667
1 0.5359375 0.48333333333333334 0.1703125 0.22291666666666668
1 0.79296875 0.8895833333333333 0.1703125 0.22083333333333333
2 0.35859375 0.2947916666666667 0.3515625 0.4708333333333333
0 0.01953125 0.6010416666666667 0.0390625 0.07708333333333334
0 0.13984375 0.029166666666666667 0.0609375 0.058333333333333334