1 0.88984375 0.646875 0.18125 0.24375
1 0.26796875 0.3927083333333333 0.20625 0.24375
1 0.2375 0.140625 0.20625 0.24375
1 0.109375 0.9083333333333333 0.16875 0.18333333333333332
1 0.39921875 0.5927083333333333 0.15625 0.21458333333333332
1 0.22734375 0.7770833333333333 0.1796875 0.225
1 0.75546875 0.39166666666666666 0.1796875 0.225
1 0.84140625 0.35208333333333336 0.2015625 0.23958333333333334
1 0.69140625 0.7385416666666667 0.1765625 0.2375
1 0.33046875 0.5875 0.1484375 0.19166666666666668
2 0.68359375 0.10729166666666666 0.2765625 0.21458333333333332
2 0.53046875 0.29583333333333334 0.38125 0.54375