1 0.71328125 0.575 0.1625 0.22291666666666668
1 0.4828125 0.609375 0.1625 0.22291666666666668
1 0.4453125 0.8291666666666667 0.1625 0.22291666666666668
1 0.61796875 0.7479166666666667 0.1515625 0.20625
1 0.75234375 0.8572916666666667 0.1515625 0.20625
1 0.69296875 0.3697916666666667 0.1515625 0.20625
1 0.584375 0.19375 0.1734375 0.20416666666666666
1 0.53203125 0.403125 0.1734375 0.20416666666666666
1 0.121875 0.3489583333333333 0.1734375 0.24375
1 0.12578125 0.865625 0.1734375 0.24375
1 0.25703125 0.7104166666666667 0.215625 0.23125
1 0.84296875 0.27395833333333336 0.1734375 0.24375
1 0.87890625 0.48854166666666665 0.1734375 0.24375
2 0.33046875 0.140625 0.3515625 0.27708333333333335