1 0.72265625 0.9041666666666667 0.2046875 0.19166666666666668
1 0.8671875 0.465625 0.184375 0.23125
1 0.43359375 0.13854166666666667 0.184375 0.23125
1 0.81796875 0.23229166666666667 0.184375 0.23125
1 0.60703125 0.56875 0.1921875 0.26875
1 0.31640625 0.34791666666666665 0.1921875 0.26875
1 0.12109375 0.203125 0.1921875 0.26875
1 0.06796875 0.48020833333333335 0.1359375 0.25625
1 0.8046875 0.6958333333333333 0.1671875 0.2520833333333333
1 0.503125 0.509375 0.1921875 0.26875
1 0.55 0.3375 0.1921875 0.26875
1 0.62109375 0.17708333333333334 0.1890625 0.24583333333333332
2 0.34765625 0.6822916666666666 0.409375 0.5208333333333334
0 0.28515625 0.04375 0.0796875 0.07916666666666666