1 0.3515625 0.375 0.1890625 0.28541666666666665
1 0.184375 0.365625 0.2 0.28125
1 0.55078125 0.5395833333333333 0.2125 0.32083333333333336
1 0.8921875 0.68125 0.19375 0.25
1 0.46328125 0.221875 0.175 0.23958333333333334
1 0.2265625 0.128125 0.1625 0.17708333333333334
1 0.815625 0.396875 0.175 0.23958333333333334
1 0.84296875 0.11979166666666667 0.2109375 0.23958333333333334
1 0.07734375 0.55625 0.1546875 0.25416666666666665
1 0.74453125 0.721875 0.15625 0.22291666666666668
1 0.65546875 0.26979166666666665 0.175 0.23958333333333334
2 0.41640625 0.821875 0.3453125 0.35625