1 0.52734375 0.765625 0.21875 0.25833333333333336
1 0.7875 0.7947916666666667 0.21875 0.25833333333333336
1 0.79296875 0.6697916666666667 0.21875 0.25833333333333336
1 0.75625 0.43333333333333335 0.2125 0.22291666666666668
1 0.37265625 0.4552083333333333 0.178125 0.2520833333333333
1 0.23203125 0.328125 0.178125 0.2520833333333333
1 0.08671875 0.6885416666666667 0.1734375 0.2520833333333333
1 0.49609375 0.09166666666666666 0.1828125 0.18333333333333332
1 0.36796875 0.6625 0.1828125 0.22708333333333333
1 0.55234375 0.32395833333333335 0.19375 0.25
1 0.946875 0.309375 0.10625 0.26458333333333334
1 0.146875 0.08645833333333333 0.2 0.17291666666666666
2 0.75 0.21041666666666667 0.3734375 0.37916666666666665