1 0.70546875 0.69375 0.2 0.23958333333333334
1 0.90390625 0.415625 0.1921875 0.23958333333333334
1 0.54609375 0.19583333333333333 0.2 0.23958333333333334
1 0.375 0.25625 0.1796875 0.22291666666666668
1 0.24921875 0.16979166666666667 0.1796875 0.22291666666666668
1 0.16796875 0.3416666666666667 0.178125 0.22708333333333333
1 0.75546875 0.12083333333333333 0.1703125 0.20625
1 0.5515625 0.44166666666666665 0.196875 0.20416666666666666
1 0.09140625 0.14583333333333334 0.1578125 0.21041666666666667
1 0.42421875 0.49895833333333334 0.1828125 0.2125
1 0.58828125 0.5833333333333334 0.1828125 0.23541666666666666
1 0.6265625 0.8208333333333333 0.159375 0.22083333333333333
1 0.20625 0.5166666666666667 0.215625 0.16041666666666668
2 0.29609375 0.7322916666666667 0.2609375 0.32083333333333336
0 0.5265625 0.8989583333333333 0.0609375 0.075
0 0.11484375 0.721875 0.0515625 0.06458333333333334