2 0.5890625 0.4479166666666667 0.4140625 0.5291666666666667
1 0.34296875 0.775 0.140625 0.20833333333333334
1 0.16953125 0.2625 0.1546875 0.24166666666666667
1 0.115625 0.7989583333333333 0.1515625 0.18958333333333333
1 0.85703125 0.5572916666666666 0.1390625 0.21666666666666667
1 0.384375 0.15 0.1875 0.24791666666666667
1 0.68125 0.12083333333333333 0.153125 0.21458333333333332
1 0.8984375 0.08854166666666667 0.128125 0.17708333333333334
1 0.728125 0.8375 0.2109375 0.2708333333333333
1 0.9359375 0.721875 0.128125 0.21458333333333332
1 0.1796875 0.48333333333333334 0.153125 0.27291666666666664