2 0.11484375 0.4895833333333333 0.2296875 0.31666666666666665
1 0.26875 0.37604166666666666 0.1796875 0.26666666666666666
1 0.30390625 0.6729166666666667 0.1359375 0.23125
1 0.3796875 0.6572916666666667 0.1359375 0.23125
1 0.37421875 0.8020833333333334 0.1171875 0.18958333333333333
1 0.5171875 0.32395833333333335 0.1546875 0.23541666666666666
1 0.565625 0.08125 0.171875 0.1625
1 0.6203125 0.078125 0.171875 0.15625
1 0.65625 0.38229166666666664 0.1625 0.225
1 0.7890625 0.46979166666666666 0.1625 0.225
1 0.559375 0.525 0.1921875 0.23125
1 0.7703125 0.0875 0.1625 0.175
1 0.0546875 0.2625 0.109375 0.225
1 0.06640625 0.7760416666666666 0.1171875 0.275
1 0.58828125 0.9072916666666667 0.2125 0.18541666666666667
1 0.85078125 0.365625 0.1625 0.225
1 0.82265625 0.2791666666666667 0.1625 0.225
1 0.79765625 0.1625 0.1625 0.225
1 0.928125 0.11458333333333333 0.1171875 0.21666666666666667
1 0.9140625 0.7989583333333333 0.171875 0.3104166666666667
1 0.7984375 0.7708333333333334 0.1890625 0.275
0 0.58828125 0.7552083333333334 0.0703125 0.10208333333333333
0 0.6796875 0.7572916666666667 0.0703125 0.10208333333333333
0 0.52421875 0.903125 0.0703125 0.10208333333333333
1 0.53984375 0.6302083333333334 0.1828125 0.23541666666666666