1 0.8125 0.24166666666666667 0.175 0.21875
1 0.56796875 0.23541666666666666 0.1953125 0.25
1 0.334375 0.225 0.1890625 0.22083333333333333
1 0.1515625 0.146875 0.1671875 0.2916666666666667
1 0.853125 0.5552083333333333 0.2234375 0.31666666666666665
1 0.5484375 0.44375 0.1953125 0.25
1 0.43828125 0.4166666666666667 0.1765625 0.24166666666666667
1 0.45703125 0.7614583333333333 0.1953125 0.25
1 0.56015625 0.665625 0.2125 0.2604166666666667
1 0.67734375 0.6083333333333333 0.2125 0.2604166666666667
1 0.81953125 0.8447916666666667 0.2125 0.2604166666666667
1 0.2734375 0.3802083333333333 0.18125 0.23333333333333334
1 0.203125 0.37916666666666665 0.18125 0.23333333333333334
1 0.23203125 0.5833333333333334 0.2140625 0.25
1 0.32109375 0.8177083333333334 0.2140625 0.25
1 0.43671875 0.1 0.2546875 0.2
1 0.67421875 0.8083333333333333 0.175 0.21875
1 0.634375 0.896875 0.175 0.20625
2 0.14609375 0.7864583333333334 0.2921875 0.29375