1 0.64921875 0.5489583333333333 0.1796875 0.24166666666666667
1 0.35859375 0.509375 0.1796875 0.24166666666666667
1 0.26796875 0.5177083333333333 0.1796875 0.24166666666666667
1 0.3 0.7666666666666667 0.203125 0.275
1 0.5125 0.6760416666666667 0.203125 0.275
1 0.609375 0.8927083333333333 0.190625 0.21458333333333332
1 0.75625 0.953125 0.203125 0.09375
1 0.75625 0.234375 0.2359375 0.3229166666666667
1 0.88359375 0.8072916666666666 0.178125 0.24166666666666667
1 0.13984375 0.346875 0.1796875 0.24166666666666667
1 0.365625 0.8833333333333333 0.1625 0.20833333333333334
1 0.81953125 0.6604166666666667 0.1875 0.22083333333333333
1 0.90859375 0.47604166666666664 0.1828125 0.23541666666666666
1 0.915625 0.18541666666666667 0.16875 0.19166666666666668
2 0.5515625 0.3020833333333333 0.2984375 0.3416666666666667