1 0.18359375 0.6979166666666666 0.178125 0.23333333333333334
1 0.36328125 0.75 0.1328125 0.16041666666666668
1 0.053125 0.6020833333333333 0.10625 0.24166666666666667
1 0.41796875 0.353125 0.15625 0.18541666666666667
1 0.6796875 0.10729166666666666 0.1796875 0.18958333333333333
1 0.2640625 0.24375 0.1734375 0.23958333333333334
1 0.8703125 0.14166666666666666 0.228125 0.22083333333333333
1 0.84296875 0.890625 0.1703125 0.21875
1 0.928125 0.628125 0.14375 0.27291666666666664
1 0.39296875 0.9104166666666667 0.146875 0.17291666666666666
1 0.91640625 0.38333333333333336 0.1671875 0.2375
1 0.33828125 0.096875 0.2078125 0.19375
1 0.63984375 0.8447916666666667 0.2078125 0.22708333333333333
0 0.1109375 0.8854166666666666 0.075 0.1
2 0.6421875 0.596875 0.2671875 0.4166666666666667
0 0.12578125 0.359375 0.08125 0.08125