1 0.81953125 0.11354166666666667 0.2046875 0.22708333333333333
1 0.66953125 0.4395833333333333 0.2046875 0.2604166666666667
1 0.6671875 0.6375 0.1515625 0.1875
1 0.171875 0.5864583333333333 0.115625 0.24791666666666667
1 0.2015625 0.4041666666666667 0.1625 0.20208333333333334
1 0.20703125 0.93125 0.1421875 0.1375
1 0.44375 0.8760416666666667 0.159375 0.20208333333333334
1 0.53046875 0.7875 0.2078125 0.23125
1 0.803125 0.715625 0.1515625 0.1875
1 0.50625 0.259375 0.2609375 0.16875
1 0.4359375 0.22395833333333334 0.1703125 0.21041666666666667
0 0.05859375 0.6 0.0625 0.08541666666666667
0 0.24140625 0.7822916666666667 0.0765625 0.10625
0 0.68046875 0.10520833333333333 0.1015625 0.12083333333333333
2 0.3796875 0.5885416666666666 0.3359375 0.48125