1 0.72890625 0.3416666666666667 0.1703125 0.21875
1 0.79609375 0.17291666666666666 0.171875 0.20833333333333334
1 0.3296875 0.459375 0.20625 0.27708333333333335
1 0.2140625 0.22916666666666666 0.1703125 0.225
1 0.184375 0.8239583333333333 0.153125 0.19166666666666668
1 0.11875 0.65625 0.2078125 0.25833333333333336
1 0.74453125 0.7552083333333334 0.178125 0.22708333333333333
1 0.47109375 0.6114583333333333 0.1890625 0.24166666666666667
1 0.0640625 0.7989583333333333 0.128125 0.15208333333333332
1 0.06640625 0.4666666666666667 0.1328125 0.24166666666666667
1 0.0984375 0.128125 0.1109375 0.19583333333333333
1 0.1828125 0.040625 0.203125 0.08125
1 0.4078125 0.8427083333333333 0.23125 0.2625
2 0.59453125 0.18020833333333333 0.2640625 0.36041666666666666
0 0.55703125 0.353125 0.08125 0.10833333333333334