2 0.71875 0.32083333333333336 0.2875 0.3125
0 0.24609375 0.7833333333333333 0.0578125 0.07708333333333334
0 0.2828125 0.9104166666666667 0.084375 0.10416666666666667
0 0.71953125 0.06979166666666667 0.0578125 0.07708333333333334
1 0.10625 0.325 0.1890625 0.22291666666666668
1 0.5796875 0.578125 0.1890625 0.22291666666666668
1 0.51953125 0.6427083333333333 0.1890625 0.22291666666666668
1 0.42109375 0.6072916666666667 0.1890625 0.22291666666666668
1 0.34921875 0.6166666666666667 0.1890625 0.22291666666666668
1 0.2828125 0.5666666666666667 0.1890625 0.22291666666666668
1 0.2234375 0.5489583333333333 0.1890625 0.22291666666666668
1 0.11484375 0.5958333333333333 0.1890625 0.22291666666666668
1 0.72421875 0.8916666666666667 0.1890625 0.21666666666666667
1 0.56171875 0.8895833333333333 0.1890625 0.22083333333333333
1 0.44609375 0.8333333333333334 0.1890625 0.22291666666666668
1 0.92109375 0.4947916666666667 0.1578125 0.275
1 0.35234375 0.084375 0.1890625 0.16875