1 0.05234375 0.421875 0.1046875 0.23541666666666666
1 0.340625 0.18541666666666667 0.225 0.25833333333333336
1 0.22890625 0.490625 0.1796875 0.25
1 0.88203125 0.42083333333333334 0.19375 0.275
1 0.57734375 0.07604166666666666 0.1671875 0.15208333333333332
1 0.14609375 0.16145833333333334 0.1875 0.20625
1 0.13046875 0.93125 0.1671875 0.1375
1 0.71015625 0.44479166666666664 0.1875 0.24791666666666667
1 0.38203125 0.409375 0.2265625 0.26875
1 0.5265625 0.228125 0.2078125 0.25416666666666665
1 0.23046875 0.6489583333333333 0.140625 0.17916666666666667
2 0.5234375 0.6604166666666667 0.415625 0.5375