1 0.9015625 0.796875 0.1765625 0.2604166666666667
1 0.62734375 0.25625 0.165625 0.20416666666666666
1 0.4484375 0.8520833333333333 0.178125 0.2604166666666667
1 0.1671875 0.5854166666666667 0.2078125 0.26875
1 0.209375 0.8791666666666667 0.165625 0.2
1 0.2484375 0.15520833333333334 0.1640625 0.23958333333333334
1 0.1015625 0.13541666666666666 0.18125 0.2708333333333333
1 0.20546875 0.38645833333333335 0.2078125 0.22291666666666668
1 0.421875 0.10208333333333333 0.20625 0.20416666666666666
1 0.40625 0.2864583333333333 0.2078125 0.22291666666666668
1 0.3875 0.4979166666666667 0.2078125 0.22291666666666668
1 0.70859375 0.7614583333333333 0.2078125 0.22291666666666668
1 0.64296875 0.925 0.1953125 0.15
1 0.9046875 0.365625 0.190625 0.24791666666666667
2 0.58203125 0.575 0.3734375 0.5020833333333333