1 0.43515625 0.5791666666666667 0.171875 0.2125
1 0.40546875 0.36354166666666665 0.1875 0.21458333333333332
1 0.61875 0.440625 0.1859375 0.24791666666666667
1 0.5421875 0.103125 0.1875 0.20625
1 0.87265625 0.175 0.15 0.21458333333333332
1 0.86328125 0.6645833333333333 0.1828125 0.20833333333333334
1 0.41171875 0.20416666666666666 0.1828125 0.20833333333333334
1 0.50546875 0.7677083333333333 0.1796875 0.22916666666666666
1 0.60234375 0.696875 0.1625 0.27708333333333335
1 0.17265625 0.38125 0.1859375 0.17291666666666666
1 0.234375 0.315625 0.175 0.175
2 0.2359375 0.85625 0.24375 0.25416666666666665