1 0.68046875 0.796875 0.184375 0.24375
1 0.71875 0.203125 0.1578125 0.2
1 0.234375 0.37083333333333335 0.2125 0.22291666666666668
1 0.60625 0.359375 0.1765625 0.24791666666666667
1 0.10234375 0.17083333333333334 0.1734375 0.22708333333333333
1 0.43359375 0.39166666666666666 0.1671875 0.2
1 0.371875 0.5125 0.1984375 0.2
1 0.23828125 0.7802083333333333 0.1875 0.26666666666666666
1 0.9140625 0.15729166666666666 0.153125 0.23541666666666666
0 0.32109375 0.075 0.0953125 0.15
0 0.15859375 0.496875 0.0671875 0.09166666666666666
2 0.50703125 0.14270833333333333 0.2328125 0.28541666666666665