2 0.70234375 0.5614583333333333 0.2984375 0.40625
0 0.83046875 0.6729166666666667 0.065625 0.07291666666666667
0 0.6984375 0.017708333333333333 0.065625 0.035416666666666666
0 0.35078125 0.46770833333333334 0.065625 0.07291666666666667
1 0.878125 0.38229166666666664 0.190625 0.21458333333333332
1 0.90703125 0.44895833333333335 0.1859375 0.21458333333333332
1 0.459375 0.396875 0.175 0.2125
1 0.3703125 0.28125 0.175 0.2125
1 0.4515625 0.159375 0.1984375 0.24166666666666667
1 0.18359375 0.27395833333333336 0.23125 0.24583333333333332
1 0.17578125 0.46770833333333334 0.1875 0.27291666666666664
1 0.096875 0.8989583333333333 0.146875 0.20208333333333334
1 0.29375 0.8979166666666667 0.221875 0.20416666666666666
1 0.515625 0.8989583333333333 0.196875 0.20208333333333334
1 0.3390625 0.6458333333333334 0.178125 0.22916666666666666
1 0.88203125 0.12916666666666668 0.1546875 0.25833333333333336