1 0.715625 0.484375 0.19375 0.22708333333333333
1 0.64296875 0.6625 0.178125 0.20416666666666666
1 0.64609375 0.6572916666666667 0.178125 0.20416666666666666
1 0.378125 0.5447916666666667 0.190625 0.25
1 0.253125 0.7125 0.2078125 0.23541666666666666
1 0.62734375 0.31354166666666666 0.1734375 0.23333333333333334
1 0.57890625 0.828125 0.1546875 0.22291666666666668
1 0.4015625 0.7979166666666667 0.209375 0.275
1 0.24296875 0.3572916666666667 0.14375 0.225
1 0.9 0.21770833333333334 0.175 0.22916666666666666
1 0.9296875 0.3885416666666667 0.140625 0.2375
1 0.8796875 0.5822916666666667 0.1953125 0.23125
1 0.0921875 0.2947916666666667 0.184375 0.22291666666666668
1 0.66640625 0.128125 0.184375 0.23333333333333334
2 0.43203125 0.21666666666666667 0.3609375 0.43333333333333335