2 0.35 0.36354166666666665 0.2125 0.23958333333333334
0 0.25859375 0.5291666666666667 0.0796875 0.1
1 0.84765625 0.7114583333333333 0.1765625 0.23958333333333334
1 0.7265625 0.353125 0.13125 0.18958333333333333
1 0.93359375 0.18229166666666666 0.1296875 0.18958333333333333
1 0.67421875 0.22395833333333334 0.1984375 0.23958333333333334
1 0.50703125 0.18854166666666666 0.1984375 0.23958333333333334
1 0.66328125 0.5479166666666667 0.1734375 0.19166666666666668
1 0.67421875 0.7833333333333333 0.1671875 0.25
1 0.3578125 0.671875 0.153125 0.22291666666666668
1 0.1671875 0.5927083333333333 0.153125 0.22291666666666668
1 0.06875 0.5927083333333333 0.134375 0.29791666666666666
1 0.5125 0.396875 0.153125 0.22291666666666668
1 0.5171875 0.6239583333333333 0.153125 0.22291666666666668
1 0.48671875 0.8791666666666667 0.2046875 0.2375
1 0.31796875 0.9177083333333333 0.1578125 0.16041666666666668
1 0.81796875 0.8864583333333333 0.2203125 0.22291666666666668
1 0.05390625 0.38333333333333336 0.1046875 0.22916666666666666
1 0.140625 0.8864583333333333 0.153125 0.22291666666666668