2 0.68671875 0.7010416666666667 0.290625 0.38958333333333334
1 0.59375 0.33229166666666665 0.18125 0.22291666666666668
1 0.65625 0.3854166666666667 0.18125 0.22291666666666668
1 0.29453125 0.45416666666666666 0.153125 0.22083333333333333
1 0.15625 0.3125 0.18125 0.22291666666666668
1 0.071875 0.7541666666666667 0.14375 0.24166666666666667
1 0.50859375 0.884375 0.1546875 0.23125
1 0.9265625 0.671875 0.140625 0.20208333333333334
1 0.921875 0.415625 0.15625 0.22291666666666668
1 0.83359375 0.30520833333333336 0.1625 0.22291666666666668
1 0.43828125 0.159375 0.20625 0.24583333333333332
1 0.3109375 0.228125 0.1578125 0.23125
1 0.07578125 0.596875 0.1515625 0.23125
1 0.3421875 0.44895833333333335 0.103125 0.21666666666666667
1 0.2765625 0.07916666666666666 0.15625 0.15833333333333333
1 0.184375 0.07708333333333334 0.15625 0.15416666666666667
0 0.72578125 0.23645833333333333 0.0578125 0.075
1 0.19140625 0.6427083333333333 0.153125 0.22083333333333333
1 0.76328125 0.103125 0.165625 0.18541666666666667
1 0.7734375 0.909375 0.215625 0.18125