1 0.38125 0.7927083333333333 0.16875 0.2125
1 0.06171875 0.8416666666666667 0.1234375 0.2125
1 0.54765625 0.321875 0.240625 0.18333333333333332
1 0.3546875 0.5916666666666667 0.2015625 0.17916666666666667
1 0.4796875 0.140625 0.19375 0.19791666666666666
1 0.19765625 0.10520833333333333 0.1703125 0.21041666666666667
1 0.55234375 0.6375 0.1734375 0.23125
1 0.7046875 0.5770833333333333 0.1890625 0.22083333333333333
1 0.7359375 0.7572916666666667 0.196875 0.22708333333333333
1 0.90859375 0.35833333333333334 0.1828125 0.24375
1 0.890625 0.528125 0.1515625 0.24166666666666667
1 0.575 0.9260416666666667 0.1625 0.14791666666666667
0 0.821875 0.909375 0.075 0.08958333333333333
0 0.9703125 0.6875 0.0484375 0.06458333333333334
2 0.1375 0.3697916666666667 0.275 0.4270833333333333
0 0.05234375 0.028125 0.0578125 0.05625