1 0.56328125 0.5770833333333333 0.190625 0.23333333333333334
1 0.40390625 0.11979166666666667 0.2015625 0.23958333333333334
1 0.28984375 0.3625 0.1609375 0.24166666666666667
1 0.571875 0.12916666666666668 0.19375 0.25625
1 0.71875 0.4354166666666667 0.2546875 0.2833333333333333
1 0.2921875 0.65625 0.20625 0.25416666666666665
1 0.790625 0.6395833333333333 0.140625 0.1875
1 0.76484375 0.9208333333333333 0.1796875 0.15833333333333333
1 0.7984375 0.24791666666666667 0.2 0.27291666666666664
1 0.54375 0.37604166666666666 0.1953125 0.25
1 0.59296875 0.890625 0.1828125 0.21875
2 0.36171875 0.8125 0.3890625 0.375