1 0.69140625 0.6541666666666667 0.19375 0.25416666666666665
1 0.37109375 0.23020833333333332 0.19375 0.25416666666666665
1 0.265625 0.6885416666666667 0.19375 0.25416666666666665
1 0.4375 0.48541666666666666 0.1296875 0.25625
1 0.6859375 0.41354166666666664 0.209375 0.2604166666666667
1 0.4609375 0.8677083333333333 0.18125 0.24375
1 0.65234375 0.85625 0.2125 0.22708333333333333
1 0.1296875 0.5135416666666667 0.19375 0.25416666666666665
1 0.14296875 0.8520833333333333 0.1703125 0.23125
1 0.4296875 0.07604166666666666 0.190625 0.15208333333333332
1 0.509375 0.490625 0.19375 0.25
1 0.77890625 0.8614583333333333 0.203125 0.22291666666666668
2 0.6453125 0.18229166666666666 0.359375 0.3645833333333333