1 0.4515625 0.7697916666666667 0.203125 0.27291666666666664
1 0.2140625 0.7625 0.246875 0.28125
1 0.534375 0.21875 0.203125 0.23541666666666666
1 0.95625 0.21041666666666667 0.0875 0.20833333333333334
1 0.81015625 0.19375 0.2 0.27708333333333335
1 0.92734375 0.49270833333333336 0.1453125 0.3104166666666667
1 0.73125 0.7645833333333333 0.1734375 0.3104166666666667
1 0.69140625 0.44895833333333335 0.1734375 0.3104166666666667
1 0.13203125 0.184375 0.21875 0.30833333333333335
1 0.87734375 0.796875 0.203125 0.27291666666666664
2 0.3234375 0.13541666666666666 0.246875 0.2708333333333333
0 0.553125 0.34375 0.0828125 0.1
0 0.5890625 0.5125 0.0828125 0.1
1 0.190625 0.4979166666666667 0.203125 0.27291666666666664