2 0.4734375 0.8302083333333333 0.28125 0.33958333333333335
1 0.57890625 0.528125 0.1484375 0.20416666666666666
1 0.4015625 0.2947916666666667 0.165625 0.21875
1 0.59609375 0.24895833333333334 0.165625 0.21875
1 0.91015625 0.2677083333333333 0.171875 0.26458333333333334
1 0.69609375 0.6166666666666667 0.1734375 0.26458333333333334
1 0.9453125 0.6510416666666666 0.109375 0.2520833333333333
1 0.934375 0.5041666666666667 0.13125 0.1875
1 0.79453125 0.38958333333333334 0.1328125 0.1875
1 0.69609375 0.07083333333333333 0.1859375 0.14166666666666666
1 0.65859375 0.4270833333333333 0.165625 0.21875
1 0.74609375 0.9166666666666666 0.1609375 0.14583333333333334
1 0.64921875 0.9302083333333333 0.128125 0.12916666666666668
1 0.315625 0.5572916666666666 0.1671875 0.21458333333333332
1 0.26171875 0.5302083333333333 0.103125 0.15416666666666667
1 0.06953125 0.534375 0.1390625 0.22291666666666668
1 0.096875 0.4354166666666667 0.140625 0.22291666666666668
1 0.06484375 0.14270833333333333 0.1296875 0.2520833333333333
1 0.07734375 0.9 0.1421875 0.2
1 0.18984375 0.75625 0.196875 0.2833333333333333
1 0.3140625 0.7416666666666667 0.1875 0.22916666666666666
1 0.48125 0.190625 0.196875 0.2625