1 0.6203125 0.18125 0.16875 0.2375
1 0.26796875 0.25625 0.1484375 0.20416666666666666
1 0.7484375 0.47604166666666664 0.2078125 0.24166666666666667
1 0.48671875 0.459375 0.196875 0.2125
1 0.1171875 0.25833333333333336 0.1796875 0.20208333333333334
1 0.16328125 0.065625 0.1953125 0.13125
1 0.80546875 0.11666666666666667 0.184375 0.16666666666666666
1 0.91171875 0.240625 0.1765625 0.21041666666666667
1 0.32890625 0.621875 0.1703125 0.24166666666666667
1 0.196875 0.5854166666666667 0.1546875 0.24375
1 0.4625 0.709375 0.1546875 0.24375
1 0.40625 0.3177083333333333 0.1890625 0.22083333333333333
1 0.0609375 0.42604166666666665 0.121875 0.20625
1 0.33203125 0.08645833333333333 0.1921875 0.17291666666666666
2 0.69609375 0.76875 0.4015625 0.4625