2 0.21171875 0.6458333333333334 0.328125 0.42083333333333334
1 0.49140625 0.703125 0.184375 0.23125
1 0.7234375 0.7322916666666667 0.178125 0.2791666666666667
1 0.665625 0.30833333333333335 0.1875 0.30833333333333335
1 0.22421875 0.30520833333333336 0.175 0.19375
1 0.4078125 0.8572916666666667 0.175 0.19375
1 0.5875 0.9104166666666667 0.171875 0.17916666666666667
1 0.946875 0.44895833333333335 0.1046875 0.25416666666666665
1 0.8015625 0.23333333333333334 0.15625 0.24791666666666667
1 0.921875 0.190625 0.1453125 0.20416666666666666
1 0.859375 0.553125 0.1578125 0.23541666666666666
1 0.37265625 0.13854166666666667 0.1828125 0.225
1 0.25 0.1875 0.1828125 0.225
1 0.79453125 0.9135416666666667 0.1578125 0.1625
1 0.58984375 0.9145833333333333 0.1578125 0.1625