1 0.65703125 0.08645833333333333 0.1765625 0.17291666666666666
1 0.81953125 0.12291666666666666 0.184375 0.22291666666666668
1 0.490625 0.28854166666666664 0.20625 0.26458333333333334
1 0.2984375 0.08958333333333333 0.165625 0.15416666666666667
1 0.10703125 0.6104166666666667 0.209375 0.25
1 0.575 0.8822916666666667 0.1578125 0.23541666666666666
1 0.23515625 0.23020833333333332 0.1921875 0.23333333333333334
1 0.63359375 0.48541666666666666 0.1921875 0.23333333333333334
1 0.815625 0.5416666666666666 0.1921875 0.23333333333333334
1 0.3734375 0.9322916666666666 0.2125 0.13541666666666666
1 0.08515625 0.884375 0.140625 0.21458333333333332
2 0.403125 0.6927083333333334 0.340625 0.425