1 0.359375 0.2989583333333333 0.1515625 0.225
1 0.465625 0.17395833333333333 0.1515625 0.225
1 0.771875 0.36875 0.1921875 0.225
1 0.90546875 0.4875 0.1890625 0.225
1 0.91328125 0.7 0.1703125 0.22708333333333333
1 0.6109375 0.29583333333333334 0.1796875 0.26458333333333334
1 0.33515625 0.8854166666666666 0.1890625 0.21875
1 0.171875 0.740625 0.1890625 0.22083333333333333
1 0.309375 0.5458333333333333 0.1890625 0.22083333333333333
1 0.096875 0.3125 0.1859375 0.22083333333333333
2 0.56875 0.6458333333333334 0.3734375 0.5020833333333333