1 0.540625 0.3958333333333333 0.1921875 0.24166666666666667
1 0.62421875 0.5854166666666667 0.2078125 0.25
1 0.40390625 0.609375 0.2109375 0.28125
1 0.5625 0.8854166666666666 0.20625 0.22916666666666666
1 0.2328125 0.9270833333333334 0.171875 0.14583333333333334
1 0.11640625 0.5104166666666666 0.2015625 0.24166666666666667
1 0.65859375 0.7375 0.2015625 0.24166666666666667
1 0.4265625 0.25104166666666666 0.2015625 0.2604166666666667
1 0.353125 0.3614583333333333 0.190625 0.3020833333333333
1 0.8375 0.4625 0.2 0.20833333333333334
1 0.796875 0.5520833333333334 0.190625 0.20833333333333334
2 0.65625 0.096875 0.265625 0.19375