1 0.2796875 0.9177083333333333 0.196875 0.16458333333333333
1 0.3078125 0.71875 0.221875 0.2625
1 0.2421875 0.19583333333333333 0.221875 0.2708333333333333
1 0.41015625 0.2625 0.209375 0.26458333333333334
1 0.90234375 0.678125 0.19375 0.26458333333333334
1 0.821875 0.7197916666666667 0.1796875 0.21666666666666667
1 0.71875 0.775 0.15625 0.21458333333333332
1 0.61875 0.7916666666666666 0.1328125 0.20625
1 0.5484375 0.8145833333333333 0.140625 0.22291666666666668
1 0.55 0.59375 0.1921875 0.21875
1 0.75703125 0.4510416666666667 0.1921875 0.21875
1 0.2828125 0.46041666666666664 0.2203125 0.2916666666666667
2 0.0875 0.8291666666666667 0.15 0.3416666666666667