1 0.6015625 0.8229166666666666 0.2109375 0.26458333333333334
1 0.57421875 0.21979166666666666 0.2109375 0.26458333333333334
1 0.490625 0.6072916666666667 0.1515625 0.19583333333333333
1 0.446875 0.8916666666666667 0.178125 0.21666666666666667
1 0.1171875 0.8166666666666667 0.1515625 0.21041666666666667
1 0.23125 0.5375 0.1515625 0.21041666666666667
1 0.06484375 0.346875 0.1296875 0.21041666666666667
1 0.9015625 0.5583333333333333 0.1515625 0.21041666666666667
1 0.88515625 0.25 0.2015625 0.26875
1 0.7109375 0.09895833333333333 0.221875 0.19791666666666666
1 0.1578125 0.6833333333333333 0.1609375 0.20625
1 0.2796875 0.8885416666666667 0.1671875 0.20208333333333334
0 0.5796875 0.5145833333333333 0.078125 0.09166666666666666
2 0.33359375 0.28854166666666664 0.275 0.36875