1 0.78828125 0.7385416666666667 0.14375 0.20625
1 0.4421875 0.4791666666666667 0.1890625 0.22291666666666668
1 0.06796875 0.5541666666666667 0.1359375 0.2
1 0.1265625 0.3854166666666667 0.16875 0.22291666666666668
1 0.14765625 0.09895833333333333 0.1703125 0.19791666666666666
1 0.21640625 0.22083333333333333 0.1703125 0.21875
1 0.090625 0.20729166666666668 0.1703125 0.21875
1 0.26875 0.5947916666666667 0.1890625 0.22291666666666668
1 0.40625 0.88125 0.14375 0.20208333333333334
1 0.14921875 0.8989583333333333 0.15 0.17708333333333334
1 0.28203125 0.9052083333333333 0.15 0.17708333333333334
1 0.90625 0.921875 0.15 0.15625
1 0.70625 0.16770833333333332 0.1359375 0.22708333333333333
2 0.90078125 0.18958333333333333 0.1984375 0.30833333333333335
0 0.45625 0.1125 0.075 0.0875