2 0.59140625 0.24270833333333333 0.3953125 0.4791666666666667
1 0.3890625 0.32916666666666666 0.1984375 0.25625
1 0.32265625 0.4479166666666667 0.1703125 0.22083333333333333
1 0.14140625 0.6447916666666667 0.2 0.2375
1 0.27265625 0.7166666666666667 0.25 0.30833333333333335
1 0.08359375 0.278125 0.1671875 0.29791666666666666
1 0.20546875 0.17291666666666666 0.1875 0.225
1 0.90625 0.253125 0.159375 0.26875
1 0.83828125 0.4375 0.209375 0.28541666666666665
1 0.45703125 0.70625 0.2 0.23958333333333334
1 0.39765625 0.871875 0.2171875 0.25625
1 0.946875 0.675 0.10625 0.21666666666666667
1 0.88046875 0.80625 0.2328125 0.23333333333333334
1 0.209375 0.9427083333333334 0.15625 0.11458333333333333
1 0.79375 0.19270833333333334 0.1953125 0.33958333333333335
1 0.59609375 0.6208333333333333 0.2234375 0.28958333333333336
0 0.465625 0.603125 0.0640625 0.07916666666666666