2 0.31171875 0.559375 0.271875 0.29791666666666666
1 0.14921875 0.2708333333333333 0.1546875 0.2875
1 0.45703125 0.6927083333333334 0.1625 0.21875
1 0.64765625 0.7385416666666667 0.1625 0.21875
1 0.9203125 0.46145833333333336 0.159375 0.28125
1 0.9078125 0.24166666666666667 0.16875 0.28125
1 0.9046875 0.07916666666666666 0.1375 0.15833333333333333
1 0.28984375 0.115625 0.1828125 0.19583333333333333
1 0.46953125 0.08854166666666667 0.2421875 0.17708333333333334
1 0.55 0.390625 0.1828125 0.19791666666666666
1 0.309375 0.8979166666666667 0.271875 0.20416666666666666
0 0.6578125 0.3875 0.0828125 0.08541666666666667
0 0.03671875 0.69375 0.0515625 0.0875
1 0.78359375 0.55625 0.19375 0.28958333333333336
1 0.73984375 0.7885416666666667 0.1625 0.21875
1 0.83125 0.85625 0.1703125 0.22083333333333333