1 0.6453125 0.8302083333333333 0.1859375 0.23125
1 0.48828125 0.9104166666666667 0.1734375 0.17916666666666667
1 0.8515625 0.27291666666666664 0.1875 0.25625
1 0.665625 0.10625 0.1875 0.2125
1 0.51875 0.28541666666666665 0.20625 0.2604166666666667
1 0.57890625 0.45625 0.16875 0.25416666666666665
1 0.51171875 0.6427083333333333 0.16875 0.25416666666666665
1 0.57890625 0.6708333333333333 0.1265625 0.18333333333333332
1 0.03671875 0.278125 0.0734375 0.23541666666666666
1 0.11953125 0.41458333333333336 0.20625 0.2604166666666667
1 0.375 0.24895833333333334 0.1796875 0.25
1 0.4515625 0.090625 0.175 0.18125
1 0.2265625 0.26666666666666666 0.2078125 0.24166666666666667
1 0.8796875 0.7885416666666667 0.1875 0.25625
1 0.115625 0.9395833333333333 0.1375 0.12083333333333333
2 0.2875 0.5822916666666667 0.36875 0.4895833333333333
0 0.07421875 0.80625 0.0609375 0.07083333333333333