1 0.73515625 0.4395833333333333 0.2109375 0.25625
1 0.68046875 0.675 0.190625 0.25833333333333336
1 0.78046875 0.6572916666666667 0.171875 0.225
1 0.55 0.11145833333333334 0.2125 0.22291666666666668
1 0.27890625 0.8927083333333333 0.1921875 0.21458333333333332
1 0.2078125 0.565625 0.2015625 0.275
1 0.25078125 0.6541666666666667 0.196875 0.25625
1 0.48359375 0.36875 0.2015625 0.24375
1 0.0578125 0.409375 0.115625 0.27708333333333335
1 0.05390625 0.209375 0.1078125 0.18541666666666667
1 0.153125 0.16875 0.178125 0.18541666666666667
1 0.34453125 0.134375 0.1859375 0.23125
1 0.22578125 0.31145833333333334 0.184375 0.24375
1 0.5359375 0.3125 0.184375 0.24375
1 0.75 0.115625 0.184375 0.23125
1 0.9 0.50625 0.2 0.275
1 0.53203125 0.5520833333333334 0.1796875 0.19375
1 0.0953125 0.7208333333333333 0.1703125 0.2520833333333333
2 0.4296875 0.8072916666666666 0.29375 0.3854166666666667