2 0.2375 0.559375 0.271875 0.3416666666666667
0 0.70625 0.31354166666666666 0.0953125 0.09375
1 0.5 0.7072916666666667 0.215625 0.28125
1 0.44375 0.825 0.1546875 0.22708333333333333
1 0.6609375 0.5708333333333333 0.1796875 0.21666666666666667
1 0.7703125 0.5458333333333333 0.2140625 0.2375
1 0.4484375 0.5010416666666667 0.2203125 0.2708333333333333
1 0.39453125 0.3625 0.2203125 0.2708333333333333
1 0.27265625 0.28020833333333334 0.2203125 0.2708333333333333
1 0.43671875 0.1375 0.2203125 0.2708333333333333
1 0.64453125 0.11666666666666667 0.2203125 0.23333333333333334
1 0.89921875 0.5697916666666667 0.2015625 0.22708333333333333
1 0.915625 0.66875 0.16875 0.2375
1 0.79375 0.8052083333333333 0.1921875 0.24791666666666667
1 0.26796875 0.8729166666666667 0.2390625 0.25416666666666665
1 0.16015625 0.834375 0.20625 0.2833333333333333
1 0.09453125 0.7229166666666667 0.171875 0.2875
1 0.0734375 0.5875 0.146875 0.2875
1 0.05859375 0.46979166666666666 0.1171875 0.23958333333333334
1 0.0515625 0.37604166666666666 0.103125 0.23958333333333334
1 0.0671875 0.26979166666666665 0.134375 0.24791666666666667
1 0.0546875 0.18229166666666666 0.109375 0.15625
1 0.46796875 0.946875 0.1578125 0.10625
1 0.56484375 0.909375 0.1609375 0.18125