1 0.91796875 0.25 0.1640625 0.25
1 0.6109375 0.7583333333333333 0.159375 0.19375
1 0.471875 0.14270833333333333 0.16875 0.25
1 0.17421875 0.3770833333333333 0.1984375 0.25625
1 0.234375 0.09166666666666666 0.159375 0.18333333333333332
1 0.22734375 0.8145833333333333 0.15625 0.22916666666666666
1 0.0828125 0.8177083333333334 0.165625 0.26458333333333334
1 0.19921875 0.578125 0.2 0.20833333333333334
1 0.39609375 0.8947916666666667 0.2 0.20625
1 0.39296875 0.7020833333333333 0.2 0.20833333333333334
1 0.3875 0.48854166666666665 0.2 0.20833333333333334
1 0.725 0.2635416666666667 0.2 0.20833333333333334
1 0.67109375 0.08229166666666667 0.1890625 0.16041666666666668
1 0.90078125 0.68125 0.19375 0.23541666666666666
2 0.58671875 0.4354166666666667 0.35625 0.4791666666666667