1 0.70859375 0.5229166666666667 0.1578125 0.2125
1 0.75703125 0.546875 0.1875 0.2125
1 0.76640625 0.33645833333333336 0.2046875 0.2604166666666667
1 0.21875 0.65 0.2015625 0.2791666666666667
1 0.46953125 0.165625 0.2015625 0.2791666666666667
1 0.284375 0.565625 0.2015625 0.2791666666666667
1 0.40546875 0.275 0.19375 0.2375
1 0.15859375 0.946875 0.2046875 0.10625
1 0.1296875 0.42916666666666664 0.2 0.27708333333333335
1 0.278125 0.35833333333333334 0.2234375 0.325
1 0.65546875 0.14479166666666668 0.1984375 0.25
1 0.76796875 0.11666666666666667 0.1984375 0.23333333333333334
1 0.95859375 0.6 0.0828125 0.2125
2 0.57578125 0.7291666666666666 0.3734375 0.48333333333333334