1 0.7703125 0.7447916666666666 0.203125 0.225
1 0.6046875 0.803125 0.178125 0.23125
1 0.725 0.33541666666666664 0.1875 0.23541666666666666
1 0.090625 0.5166666666666667 0.1796875 0.21041666666666667
1 0.44765625 0.7135416666666666 0.1796875 0.21041666666666667
1 0.40078125 0.7354166666666667 0.1671875 0.18333333333333332
1 0.24921875 0.8322916666666667 0.1671875 0.18333333333333332
1 0.8921875 0.43333333333333335 0.215625 0.2833333333333333
1 0.7421875 0.1125 0.178125 0.225
1 0.2484375 0.2916666666666667 0.1625 0.20208333333333334
1 0.1140625 0.16041666666666668 0.2046875 0.25416666666666665
1 0.63203125 0.6052083333333333 0.196875 0.22291666666666668
1 0.4390625 0.16770833333333332 0.1875 0.225
1 0.94140625 0.78125 0.1171875 0.24583333333333332
2 0.46171875 0.46458333333333335 0.2453125 0.30416666666666664
0 0.84453125 0.5729166666666666 0.075 0.08333333333333333