1 0.6484375 0.4864583333333333 0.2015625 0.28125
1 0.71875 0.834375 0.1921875 0.26458333333333334
1 0.47421875 0.5385416666666667 0.2296875 0.33125
1 0.82265625 0.425 0.1859375 0.2375
1 0.8 0.6458333333333334 0.1703125 0.23541666666666666
1 0.359375 0.890625 0.18125 0.21875
1 0.15546875 0.4395833333333333 0.203125 0.225
1 0.3265625 0.475 0.159375 0.19583333333333333
1 0.315625 0.33645833333333336 0.171875 0.26666666666666666
1 0.9296875 0.33125 0.140625 0.30833333333333335
1 0.259375 0.6989583333333333 0.2140625 0.3020833333333333
2 0.50625 0.23854166666666668 0.390625 0.47708333333333336