1 0.86328125 0.24791666666666667 0.1953125 0.2791666666666667
1 0.63984375 0.2625 0.24375 0.25
1 0.82109375 0.85 0.20625 0.25625
1 0.37734375 0.7802083333333333 0.20625 0.25625
1 0.56640625 0.7166666666666667 0.2109375 0.28125
1 0.090625 0.4114583333333333 0.175 0.23333333333333334
1 0.78359375 0.5822916666666667 0.18125 0.24375
1 0.73125 0.65625 0.1484375 0.2
1 0.61796875 0.48854166666666665 0.1953125 0.21875
1 0.65859375 0.9 0.1578125 0.2
1 0.10625 0.675 0.196875 0.23333333333333334
1 0.9234375 0.6635416666666667 0.1484375 0.26666666666666666
1 0.190625 0.509375 0.1078125 0.15
2 0.4078125 0.328125 0.45 0.5791666666666667