1 0.26796875 0.42291666666666666 0.2546875 0.2708333333333333
1 0.33125 0.665625 0.2265625 0.29375
1 0.43359375 0.8791666666666667 0.1921875 0.24166666666666667
1 0.60390625 0.8 0.1859375 0.2708333333333333
1 0.67890625 0.6302083333333334 0.1859375 0.2708333333333333
1 0.82109375 0.7552083333333334 0.175 0.26666666666666666
1 0.7453125 0.415625 0.2328125 0.23125
1 0.63125 0.240625 0.16875 0.23541666666666666
1 0.3296875 0.14479166666666668 0.1875 0.21875
1 0.1765625 0.878125 0.1796875 0.17083333333333334
2 0.80546875 0.16666666666666666 0.3890625 0.2916666666666667