2 0.69609375 0.5166666666666667 0.2578125 0.3229166666666667
2 0.38046875 0.14583333333333334 0.2640625 0.2916666666666667
1 0.61953125 0.090625 0.1890625 0.18125
1 0.78828125 0.09583333333333334 0.1890625 0.19166666666666668
1 0.7453125 0.16145833333333334 0.1890625 0.23958333333333334
1 0.41328125 0.6041666666666666 0.1890625 0.23958333333333334
1 0.28203125 0.475 0.2125 0.25416666666666665
1 0.0734375 0.19583333333333333 0.146875 0.21666666666666667
1 0.05703125 0.3614583333333333 0.1140625 0.20625
1 0.09296875 0.4822916666666667 0.1859375 0.22291666666666668
1 0.12421875 0.6104166666666667 0.1921875 0.22291666666666668
1 0.1265625 0.8520833333333333 0.2 0.29375
1 0.24921875 0.9489583333333333 0.2359375 0.10208333333333333
0 0.52890625 0.14583333333333334 0.1015625 0.11458333333333333
0 0.784375 0.36666666666666664 0.0703125 0.1
0 0.46875 0.74375 0.0703125 0.1
0 0.3734375 0.8104166666666667 0.0703125 0.1
1 0.44375 0.47291666666666665 0.1890625 0.23958333333333334
1 0.5046875 0.34479166666666666 0.1890625 0.23958333333333334
1 0.90859375 0.7947916666666667 0.1828125 0.24375
1 0.9375 0.6520833333333333 0.125 0.22916666666666666
1 0.87265625 0.6802083333333333 0.1671875 0.23125
1 0.89765625 0.253125 0.1796875 0.28958333333333336
1 0.303125 0.5697916666666667 0.1546875 0.18958333333333333