1 0.92109375 0.15208333333333332 0.1578125 0.22083333333333333
1 0.44296875 0.7885416666666667 0.1765625 0.22083333333333333
1 0.70546875 0.5041666666666667 0.140625 0.175
1 0.178125 0.225 0.165625 0.22083333333333333
1 0.06015625 0.45 0.1203125 0.22083333333333333
1 0.2390625 0.7375 0.165625 0.22083333333333333
1 0.08515625 0.8364583333333333 0.1640625 0.20416666666666666
1 0.371875 0.8875 0.171875 0.2125
1 0.85703125 0.61875 0.171875 0.2520833333333333
1 0.7875 0.8041666666666667 0.21875 0.30625
1 0.74609375 0.11458333333333333 0.1328125 0.17916666666666667
1 0.23046875 0.5104166666666666 0.1859375 0.19583333333333333
1 0.27109375 0.04791666666666667 0.1484375 0.09583333333333334
1 0.028125 0.734375 0.05625 0.19791666666666666
2 0.4703125 0.2833333333333333 0.309375 0.39166666666666666
0 0.5359375 0.8614583333333333 0.0625 0.06666666666666667
0 0.97734375 0.4895833333333333 0.0453125 0.07083333333333333