1 0.35859375 0.30833333333333335 0.134375 0.2
1 0.88046875 0.353125 0.134375 0.2
1 0.93125 0.7364583333333333 0.134375 0.2
1 0.31640625 0.5208333333333334 0.1796875 0.22083333333333333
1 0.47421875 0.47291666666666665 0.1609375 0.22708333333333333
1 0.3640625 0.7177083333333333 0.146875 0.22916666666666666
1 0.7328125 0.6291666666666667 0.165625 0.22708333333333333
1 0.1359375 0.5854166666666667 0.1609375 0.20833333333333334
1 0.221875 0.09166666666666666 0.196875 0.18333333333333332
1 0.6140625 0.925 0.190625 0.15
1 0.6234375 0.42916666666666664 0.1609375 0.22708333333333333
1 0.91953125 0.534375 0.1609375 0.1625
1 0.16328125 0.321875 0.165625 0.24791666666666667
1 0.19140625 0.7833333333333333 0.1625 0.23125
0 0.30859375 0.871875 0.075 0.09583333333333334
2 0.68359375 0.17395833333333333 0.3484375 0.34375