1 0.7234375 0.45 0.2109375 0.23333333333333334
1 0.51171875 0.3385416666666667 0.2109375 0.23333333333333334
1 0.228125 0.20625 0.2109375 0.23333333333333334
1 0.1171875 0.415625 0.2109375 0.23333333333333334
1 0.203125 0.7885416666666667 0.2109375 0.23333333333333334
1 0.3765625 0.8739583333333333 0.1734375 0.21458333333333332
1 0.765625 0.7385416666666667 0.1984375 0.23333333333333334
1 0.40703125 0.25625 0.2046875 0.26458333333333334
1 0.26484375 0.578125 0.2046875 0.26458333333333334
1 0.57421875 0.7625 0.1828125 0.25416666666666665
1 0.2171875 0.9458333333333333 0.171875 0.10833333333333334
1 0.81484375 0.03125 0.1828125 0.0625
2 0.42265625 0.5291666666666667 0.2203125 0.3020833333333333