1 0.73671875 0.54375 0.2046875 0.24583333333333332
1 0.6734375 0.3125 0.184375 0.25
1 0.77421875 0.3229166666666667 0.165625 0.21875
1 0.565625 0.8885416666666667 0.20625 0.22291666666666668
1 0.26328125 0.11354166666666667 0.1859375 0.22708333333333333
1 0.20546875 0.4552083333333333 0.1953125 0.26666666666666666
1 0.2453125 0.36354166666666665 0.190625 0.24791666666666667
1 0.4890625 0.63125 0.1953125 0.23541666666666666
1 0.05859375 0.6208333333333333 0.1171875 0.2708333333333333
1 0.05859375 0.8239583333333333 0.1171875 0.17708333333333334
1 0.16640625 0.8552083333333333 0.1734375 0.17708333333333334
1 0.359375 0.8760416666666667 0.1796875 0.22291666666666668
1 0.23359375 0.7072916666666667 0.178125 0.23541666666666666
1 0.54296875 0.684375 0.178125 0.23541666666666666
1 0.765625 0.871875 0.178125 0.23541666666666666
1 0.9 0.465625 0.1953125 0.26666666666666666
1 0.53046875 0.44583333333333336 0.175 0.18333333333333332
1 0.0875 0.30833333333333335 0.1640625 0.24583333333333332
2 0.4171875 0.19479166666666667 0.284375 0.3770833333333333