1 0.57734375 0.47604166666666664 0.1921875 0.19791666666666666
1 0.5890625 0.11979166666666667 0.171875 0.23958333333333334
1 0.30859375 0.165625 0.2125 0.275
1 0.1046875 0.7354166666666667 0.1890625 0.3104166666666667
1 0.23515625 0.640625 0.19375 0.2625
1 0.396875 0.5260416666666666 0.184375 0.225
1 0.69453125 0.6385416666666667 0.184375 0.27708333333333335
1 0.8140625 0.5145833333333333 0.1859375 0.3416666666666667
1 0.92734375 0.4708333333333333 0.1453125 0.3333333333333333
1 0.84375 0.159375 0.2046875 0.25625
1 0.6125 0.29791666666666666 0.2015625 0.22916666666666666
1 0.76640625 0.8416666666666667 0.2015625 0.22916666666666666
0 0.215625 0.45 0.075 0.10833333333333334
2 0.42734375 0.7770833333333333 0.4078125 0.44583333333333336