1 0.86875 0.6354166666666666 0.1609375 0.21875
1 0.86015625 0.771875 0.1765625 0.22916666666666666
1 0.63046875 0.7833333333333333 0.1765625 0.22916666666666666
1 0.60234375 0.6229166666666667 0.1765625 0.22916666666666666
1 0.6953125 0.5979166666666667 0.1421875 0.19791666666666666
1 0.271875 0.5145833333333333 0.16875 0.20625
1 0.109375 0.490625 0.209375 0.21041666666666667
1 0.63515625 0.2833333333333333 0.16875 0.22083333333333333
1 0.9140625 0.3145833333333333 0.1640625 0.2520833333333333
1 0.846875 0.10729166666666666 0.2125 0.21458333333333332
1 0.078125 0.2989583333333333 0.15625 0.25625
1 0.159375 0.9135416666666667 0.209375 0.17291666666666666
1 0.3875 0.7697916666666667 0.175 0.25625
2 0.35703125 0.24166666666666667 0.4609375 0.48333333333333334