1 0.82890625 0.121875 0.2046875 0.24375
1 0.55078125 0.21354166666666666 0.2046875 0.26458333333333334
1 0.1609375 0.46875 0.2046875 0.26458333333333334
1 0.33203125 0.8135416666666667 0.2046875 0.26458333333333334
1 0.40546875 0.5270833333333333 0.2046875 0.26458333333333334
1 0.4375 0.384375 0.2046875 0.26458333333333334
1 0.24375 0.26145833333333335 0.184375 0.25833333333333336
1 0.52578125 0.8916666666666667 0.1859375 0.21666666666666667
1 0.78125 0.321875 0.1859375 0.23125
1 0.91015625 0.3458333333333333 0.178125 0.25833333333333336
2 0.70859375 0.6447916666666667 0.4359375 0.5375