1 0.196875 0.7041666666666667 0.146875 0.21041666666666667
1 0.559375 0.4864583333333333 0.190625 0.22708333333333333
1 0.928125 0.603125 0.14375 0.20208333333333334
1 0.8796875 0.42916666666666664 0.1703125 0.225
1 0.87734375 0.13229166666666667 0.1734375 0.21875
1 0.80078125 0.2552083333333333 0.1734375 0.22083333333333333
1 0.9203125 0.25416666666666665 0.159375 0.22083333333333333
1 0.72421875 0.6208333333333333 0.190625 0.22708333333333333
1 0.56796875 0.890625 0.146875 0.20625
1 0.82265625 0.9229166666666667 0.1515625 0.15416666666666667
1 0.68984375 0.91875 0.1515625 0.1625
1 0.07109375 0.884375 0.1421875 0.18125
1 0.31640625 0.14479166666666668 0.1375 0.22916666666666666
2 0.11953125 0.15 0.2046875 0.3
0 0.56875 0.11875 0.0765625 0.0875