1 0.72890625 0.7666666666666667 0.2046875 0.24791666666666667
1 0.83046875 0.4708333333333333 0.215625 0.28125
1 0.7703125 0.2864583333333333 0.1828125 0.2604166666666667
1 0.56953125 0.6 0.2140625 0.30833333333333335
1 0.4109375 0.7677083333333333 0.196875 0.25833333333333336
1 0.5640625 0.8739583333333333 0.2375 0.2520833333333333
1 0.3265625 0.8635416666666667 0.209375 0.23333333333333334
1 0.64453125 0.21666666666666667 0.1890625 0.22916666666666666
1 0.67109375 0.37395833333333334 0.1890625 0.22916666666666666
2 0.3265625 0.3385416666666667 0.325 0.41041666666666665
0 0.1921875 0.4395833333333333 0.08125 0.11458333333333333