1 0.1625 0.2125 0.19375 0.225
1 0.2609375 0.40208333333333335 0.190625 0.23333333333333334
1 0.28203125 0.9510416666666667 0.2359375 0.09791666666666667
1 0.54140625 0.7927083333333333 0.1953125 0.2875
1 0.44765625 0.396875 0.1984375 0.23541666666666666
1 0.10078125 0.65625 0.1953125 0.2875
1 0.18828125 0.746875 0.2171875 0.25
1 0.71484375 0.41354166666666664 0.153125 0.19583333333333333
1 0.9046875 0.434375 0.190625 0.21041666666666667
1 0.88203125 0.7333333333333333 0.215625 0.2791666666666667
2 0.640625 0.19479166666666667 0.2109375 0.2604166666666667
1 0.0640625 0.465625 0.128125 0.21458333333333332
1 0.54609375 0.9135416666666667 0.1671875 0.17291666666666666
1 0.68984375 0.765625 0.165625 0.22291666666666668