1 0.8421875 0.38645833333333335 0.2234375 0.23333333333333334
1 0.88046875 0.06145833333333333 0.1515625 0.12291666666666666
1 0.76875 0.16458333333333333 0.1859375 0.24791666666666667
1 0.17265625 0.8489583333333334 0.20625 0.28958333333333336
1 0.3984375 0.771875 0.2234375 0.3458333333333333
1 0.08359375 0.6916666666666667 0.1578125 0.25833333333333336
1 0.0703125 0.21875 0.140625 0.2875
1 0.371875 0.42291666666666666 0.20625 0.28958333333333336
1 0.33125 0.159375 0.20625 0.28958333333333336
1 0.58828125 0.5958333333333333 0.25 0.34791666666666665
2 0.559375 0.19166666666666668 0.384375 0.38333333333333336