2 0.3109375 0.09583333333333334 0.3 0.19166666666666668
1 0.684375 0.15729166666666666 0.1984375 0.26666666666666666
1 0.74140625 0.49270833333333336 0.1984375 0.26666666666666666
1 0.78515625 0.30416666666666664 0.1984375 0.26666666666666666
1 0.875 0.3458333333333333 0.1984375 0.26666666666666666
1 0.925 0.453125 0.15 0.26875
1 0.903125 0.5708333333333333 0.19375 0.2791666666666667
1 0.23046875 0.6229166666666667 0.2015625 0.2791666666666667
1 0.5953125 0.8822916666666667 0.19375 0.23541666666666666
1 0.73125 0.89375 0.19375 0.2125
1 0.53984375 0.42083333333333334 0.175 0.22708333333333333
1 0.140625 0.42604166666666665 0.196875 0.24166666666666667
1 0.37421875 0.8322916666666667 0.2 0.28541666666666665
1 0.5578125 0.71875 0.2265625 0.2791666666666667
1 0.4359375 0.525 0.2265625 0.2791666666666667
1 0.2390625 0.2520833333333333 0.24375 0.2875
1 0.48125 0.2760416666666667 0.2046875 0.2791666666666667
0 0.72421875 0.6510416666666666 0.0703125 0.08541666666666667
0 0.47265625 0.921875 0.0703125 0.08541666666666667