0 0.828125 0.471875 0.075 0.08958333333333333
2 0.43515625 0.4666666666666667 0.2578125 0.3375
1 0.33671875 0.68125 0.2390625 0.24166666666666667
1 0.2265625 0.38333333333333336 0.171875 0.23333333333333334
1 0.0953125 0.19375 0.16875 0.23333333333333334
1 0.1 0.10625 0.16875 0.2125
1 0.2 0.051041666666666666 0.159375 0.10208333333333333
1 0.42578125 0.2125 0.175 0.15416666666666667
1 0.7 0.6739583333333333 0.1671875 0.24583333333333332
1 0.35625 0.871875 0.1671875 0.24583333333333332
1 0.13125 0.59375 0.1671875 0.24583333333333332
1 0.72734375 0.16041666666666668 0.1921875 0.22916666666666666
1 0.94375 0.3489583333333333 0.1125 0.22708333333333333
1 0.8953125 0.78125 0.1921875 0.22916666666666666
1 0.90546875 0.9322916666666666 0.1515625 0.13541666666666666
1 0.653125 0.8572916666666667 0.1671875 0.24583333333333332
1 0.775 0.9416666666666667 0.14375 0.11666666666666667