1 0.53203125 0.14166666666666666 0.1953125 0.23333333333333334
1 0.3046875 0.15625 0.159375 0.22291666666666668
1 0.771875 0.14375 0.15625 0.20208333333333334
1 0.10859375 0.4010416666666667 0.2015625 0.3145833333333333
1 0.32421875 0.5854166666666667 0.1875 0.24166666666666667
1 0.14921875 0.16354166666666667 0.1875 0.24166666666666667
1 0.8640625 0.3458333333333333 0.16875 0.23333333333333334
1 0.1703125 0.7302083333333333 0.1875 0.24166666666666667
1 0.6453125 0.7583333333333333 0.1875 0.24166666666666667
1 0.390625 0.7895833333333333 0.1875 0.24166666666666667
1 0.69921875 0.915625 0.2015625 0.16875
1 0.12578125 0.8895833333333333 0.196875 0.15833333333333333
2 0.5515625 0.465625 0.3640625 0.47708333333333336
0 0.21640625 0.44583333333333336 0.078125 0.1