1 0.815625 0.5760416666666667 0.1640625 0.225
1 0.61875 0.775 0.1640625 0.225
1 0.759375 0.7416666666666667 0.15625 0.17083333333333334
1 0.66171875 0.49166666666666664 0.1828125 0.23958333333333334
1 0.53515625 0.609375 0.2109375 0.24791666666666667
1 0.26015625 0.11875 0.184375 0.20833333333333334
1 0.1484375 0.07604166666666666 0.165625 0.15208333333333332
1 0.25546875 0.334375 0.215625 0.2375
1 0.1421875 0.5947916666666667 0.16875 0.23333333333333334
1 0.8625 0.8583333333333333 0.23125 0.23958333333333334
1 0.37109375 0.53125 0.1703125 0.2625
2 0.65546875 0.20833333333333334 0.3953125 0.4166666666666667
0 0.70078125 0.8677083333333333 0.0546875 0.07083333333333333