2 0.3484375 0.7 0.371875 0.4395833333333333
1 0.56015625 0.7114583333333333 0.1859375 0.2375
1 0.653125 0.6302083333333334 0.159375 0.20625
1 0.8734375 0.5270833333333333 0.1875 0.21875
1 0.76875 0.4 0.234375 0.28541666666666665
1 0.84765625 0.8822916666666667 0.1796875 0.23541666666666666
1 0.69296875 0.91875 0.1765625 0.1625
1 0.0625 0.546875 0.125 0.25625
1 0.16640625 0.4041666666666667 0.19375 0.26666666666666666
1 0.59296875 0.325 0.1890625 0.22083333333333333
1 0.69296875 0.19479166666666667 0.203125 0.23958333333333334
1 0.1 0.11875 0.1484375 0.20208333333333334
1 0.22109375 0.07083333333333333 0.2234375 0.14166666666666666
1 0.9 0.16458333333333333 0.14375 0.21041666666666667
1 0.14453125 0.6552083333333333 0.175 0.3229166666666667
1 0.440625 0.34270833333333334 0.2078125 0.26875
0 0.55859375 0.41875 0.0609375 0.07291666666666667