1 0.937723 0.28521 0.124555 0.274356
1 0.319307 0.728629 0.18816 0.25051
1 0.923863 0.630344 0.151829 0.264201
1 0.913137 0.831238 0.173726 0.25673
1 0.193942 0.424435 0.233553 0.285299
2 0.440535 0.841935 0.454304 0.309128
1 0.155375 0.784964 0.183329 0.285697
1 0.202717 0.60676 0.197325 0.237997
1 0.865656 0.127261 0.267118 0.254522
1 0.397617 0.455404 0.258456 0.277084
1 0.634911 0.362926 0.190589 0.239356
1 0.824344 0.306585 0.184 0.227385
0 0.549248 0.75723 0.0722342 0.0888692
1 0.416152 0.643933 0.200223 0.232639
