1 0.123968 0.106646 0.206803 0.213292
1 0.102114 0.422129 0.204229 0.28498
1 0.639157 0.488272 0.211843 0.326351
2 0.641169 0.181493 0.347606 0.358823
1 0.292718 0.496619 0.182343 0.29199
1 0.412542 0.661241 0.208933 0.26918
1 0.259153 0.218393 0.20173 0.309881
1 0.505132 0.878449 0.213603 0.234339
1 0.619544 0.653472 0.235112 0.27309
1 0.812163 0.807456 0.162748 0.279012
0 0.0336352 0.779961 0.0642283 0.0910296
1 0.0724561 0.599407 0.14454 0.287594
1 0.194007 0.763883 0.185577 0.244499
1 0.807299 0.57947 0.23101 0.279568
1 0.696798 0.862281 0.197381 0.2697
