1 0.812408 0.212977 0.199814 0.264817
2 0.282761 0.741649 0.473566 0.494702
1 0.8545 0.674649 0.168713 0.284489
1 0.591113 0.209484 0.196235 0.275027
1 0.053799 0.711374 0.107598 0.282267
1 0.0825911 0.511458 0.16478 0.259936
1 0.121086 0.131972 0.235029 0.263943
1 0.356525 0.445161 0.18271 0.247022
1 0.783771 0.874799 0.226141 0.250403
1 0.577868 0.703008 0.202335 0.271704
1 0.669162 0.680077 0.21987 0.270204
1 0.337941 0.229061 0.208981 0.279056
1 0.82552 0.34641 0.19187 0.24665
1 0.224187 0.488973 0.199708 0.235155
