1 0.195321 0.257435 0.187338 0.23829
1 0.206903 0.804214 0.258072 0.312057
1 0.134712 0.567556 0.177956 0.257932
1 0.805971 0.481573 0.186328 0.254135
2 0.701655 0.226817 0.441915 0.453633
1 0.943458 0.53096 0.112471 0.313724
1 0.937722 0.114112 0.124557 0.212293
1 0.0829251 0.134365 0.13802 0.26873
1 0.304041 0.448696 0.236813 0.291652
1 0.221949 0.0944705 0.205961 0.188941
1 0.571931 0.706683 0.219806 0.289701
1 0.904222 0.666346 0.188387 0.237601
1 0.887141 0.853353 0.222478 0.283771
0 0.580087 0.334087 0.066705 0.0888513
0 0.49373 0.559987 0.0805365 0.0973237
