2 0.658299 0.205817 0.465876 0.411633
1 0.249528 0.88874 0.212801 0.222519
1 0.116998 0.5218 0.185114 0.274131
1 0.470076 0.814895 0.20408 0.280876
1 0.140299 0.288982 0.234766 0.290783
1 0.923338 0.103519 0.151432 0.203597
1 0.920147 0.675697 0.159706 0.30825
1 0.915011 0.269879 0.169977 0.262408
1 0.212697 0.80736 0.209619 0.277226
1 0.434375 0.65758 0.272723 0.283383
1 0.299256 0.404547 0.229076 0.300127
1 0.748752 0.674598 0.276625 0.317011
1 0.769933 0.373089 0.21404 0.2401
1 0.384047 0.346298 0.203095 0.264788
