1 0.681814 0.576096 0.182516 0.244638
1 0.0950031 0.296453 0.188168 0.246324
2 0.611824 0.306726 0.432319 0.48942
1 0.145126 0.118286 0.208068 0.233061
1 0.0888571 0.837938 0.177187 0.31068
1 0.76092 0.766141 0.185993 0.231091
1 0.0429562 0.590141 0.0859123 0.271478
0 0.470428 0.411488 0.0668101 0.0884257
1 0.0312339 0.145476 0.0624678 0.27588
1 0.184244 0.498273 0.246661 0.296085
1 0.835712 0.650712 0.156105 0.315762
1 0.724634 0.909459 0.218817 0.177168
0 0.362143 0.624065 0.0767886 0.0921248
1 0.4216 0.77413 0.215466 0.280537
