1 0.411128 0.548458 0.214017 0.288534
1 0.899049 0.394345 0.187174 0.268315
1 0.739791 0.563742 0.230917 0.289948
1 0.180408 0.857253 0.217577 0.274289
1 0.58856 0.652918 0.232617 0.302498
1 0.096415 0.355172 0.190831 0.281705
2 0.37376 0.1767 0.389472 0.350115
0 0.424336 0.348329 0.0807956 0.109123
1 0.816391 0.115681 0.208873 0.231363
1 0.952582 0.615125 0.0948352 0.332846
1 0.665927 0.225103 0.211163 0.243174
1 0.651811 0.797506 0.194645 0.20748
1 0.048454 0.571178 0.096908 0.245007
1 0.744208 0.380684 0.19482 0.263921
