1 0.136988 0.276824 0.200908 0.261206
1 0.869197 0.635317 0.215233 0.251599
2 0.626888 0.802881 0.427426 0.389371
1 0.360462 0.288225 0.196511 0.269128
1 0.0710586 0.733039 0.140893 0.296149
1 0.886139 0.836407 0.18122 0.260244
1 0.571983 0.54761 0.181605 0.250375
1 0.696015 0.599528 0.205239 0.24121
1 0.605601 0.325935 0.200858 0.288871
1 0.117958 0.406491 0.197351 0.248627
1 0.843265 0.207127 0.219406 0.237951
1 0.234651 0.756299 0.221838 0.284318
1 0.315414 0.765892 0.215626 0.281804
1 0.0267645 0.252234 0.0534807 0.262999
