1 0.798675 0.507463 0.180886 0.240787
1 0.146377 0.871627 0.250889 0.256745
2 0.738253 0.255588 0.435911 0.470053
1 0.214669 0.339293 0.19553 0.254609
1 0.937763 0.548335 0.124474 0.322222
1 0.870089 0.682974 0.17887 0.224157
1 0.108575 0.659014 0.189309 0.263078
1 0.827239 0.872918 0.2327 0.251801
1 0.526162 0.754497 0.210424 0.286704
1 0.123439 0.224203 0.146889 0.285935
0 0.59173 0.383009 0.0661766 0.0838453
1 0.274256 0.156725 0.209239 0.225308
1 0.298072 0.522634 0.254809 0.30561
0 0.472095 0.594654 0.0835201 0.143885
