1 0.279018 0.579221 0.22223 0.288945
1 0.606155 0.549079 0.215708 0.292809
1 0.875942 0.845491 0.206366 0.271044
1 0.890615 0.343228 0.218771 0.284822
2 0.561463 0.176436 0.392422 0.35047
1 0.103638 0.419853 0.181272 0.260899
0 0.563133 0.34965 0.0859364 0.10926
1 0.310878 0.23057 0.194555 0.233831
1 0.961579 0.562001 0.0767926 0.263674
1 0.143626 0.134436 0.201026 0.23437
1 0.0635702 0.651506 0.12714 0.306837
1 0.442739 0.663282 0.23265 0.298522
1 0.39554 0.805601 0.200954 0.213452
1 0.660101 0.681791 0.184311 0.252022
