1 0.910941 0.433953 0.178118 0.260919
1 0.745748 0.580376 0.227519 0.289685
1 0.415961 0.517448 0.213728 0.284721
1 0.164236 0.792603 0.212665 0.2816
1 0.848738 0.143321 0.205988 0.248226
0 0.442734 0.324349 0.0818468 0.10789
1 0.586774 0.647111 0.236023 0.300181
2 0.416057 0.153077 0.399816 0.306155
1 0.101247 0.278486 0.201647 0.288471
1 0.95413 0.659893 0.0917394 0.346536
1 0.689365 0.231875 0.214433 0.253472
1 0.0496828 0.492429 0.0993657 0.248431
1 0.758075 0.402514 0.19685 0.268576
1 0.643593 0.794442 0.199443 0.213175
