2 0.311706 0.741997 0.469648 0.488733
1 0.784217 0.161968 0.193976 0.24728
1 0.863746 0.610628 0.165047 0.282116
1 0.34816 0.442431 0.182562 0.247627
1 0.0613271 0.74224 0.122541 0.27197
1 0.0803267 0.546554 0.16026 0.26213
1 0.560083 0.180399 0.189317 0.269127
1 0.316136 0.226137 0.197815 0.274773
1 0.0967091 0.14227 0.193208 0.28454
1 0.810478 0.824366 0.23411 0.276149
1 0.222901 0.493734 0.204962 0.23402
1 0.806214 0.291918 0.184131 0.232326
1 0.590321 0.663623 0.197872 0.26625
1 0.683966 0.637949 0.218784 0.266403
1 0.583869 0.347449 0.260151 0.273018
