1 0.827194 0.407012 0.182445 0.223304
2 0.630858 0.581305 0.290291 0.396379
1 0.602443 0.246414 0.209736 0.25631
1 0.334527 0.627282 0.25963 0.386206
1 0.696265 0.132715 0.194674 0.224519
1 0.88291 0.821634 0.202749 0.318668
1 0.926058 0.444244 0.147884 0.273758
1 0.175591 0.467655 0.222867 0.307577
1 0.828235 0.234628 0.208793 0.289924
1 0.212879 0.857744 0.188583 0.239804
1 0.704656 0.878092 0.208499 0.241363
1 0.521743 0.900406 0.193728 0.194008
0 0.120547 0.752371 0.0755813 0.103235
1 0.504362 0.170694 0.195836 0.269145
