1 0.216716 0.613871 0.194642 0.265774
1 0.224212 0.808828 0.210474 0.246559
1 0.202516 0.284721 0.195213 0.264095
1 0.835116 0.617638 0.190221 0.247433
2 0.694255 0.801267 0.433321 0.394554
1 0.928306 0.284971 0.143388 0.26131
1 0.0930751 0.69386 0.166178 0.299266
1 0.953252 0.654923 0.0932472 0.283222
1 0.306976 0.110634 0.258005 0.221267
1 0.534088 0.304286 0.196552 0.247556
1 0.934858 0.876392 0.130284 0.245209
0 0.599923 0.679986 0.067208 0.0891522
1 0.926612 0.480161 0.146146 0.234209
1 0.762562 0.356414 0.269185 0.270008
