1 0.296966 0.640771 0.213489 0.24395
1 0.465971 0.630709 0.217786 0.282637
1 0.122827 0.161902 0.187137 0.245295
1 0.875332 0.577093 0.223585 0.376784
1 0.508845 0.87346 0.190386 0.240362
2 0.524321 0.148746 0.398918 0.297492
1 0.653398 0.272831 0.193008 0.241839
1 0.267539 0.859013 0.200835 0.265867
1 0.842468 0.284581 0.2157 0.311236
1 0.667242 0.837942 0.187538 0.279441
1 0.292848 0.142496 0.20425 0.263117
1 0.0492822 0.591459 0.0985644 0.296966
1 0.12497 0.376512 0.19077 0.238394
1 0.123955 0.922674 0.187393 0.150754
