1 0.837989 0.442118 0.189776 0.269952
1 0.771099 0.839332 0.20214 0.255804
1 0.563912 0.368441 0.205619 0.273144
1 0.375402 0.65931 0.211474 0.297282
1 0.273097 0.892179 0.198256 0.211916
2 0.098966 0.802935 0.197526 0.390294
1 0.196002 0.2812 0.180332 0.244943
1 0.381147 0.219689 0.1989 0.258283
1 0.656055 0.657957 0.196069 0.288997
1 0.253605 0.476561 0.208967 0.269444
1 0.663977 0.188396 0.200891 0.261475
1 0.743157 0.281589 0.19851 0.245891
1 0.510825 0.605921 0.212581 0.287716
1 0.429996 0.833701 0.222032 0.292392
