1 0.111293 0.42936 0.219666 0.264724
2 0.320725 0.657833 0.469206 0.507741
1 0.893334 0.129644 0.205871 0.259288
1 0.904206 0.583585 0.177986 0.289448
1 0.669211 0.131376 0.198025 0.262751
1 0.0780748 0.625487 0.156018 0.285281
1 0.289862 0.401753 0.21107 0.248218
1 0.820716 0.795039 0.219935 0.264456
1 0.714194 0.589027 0.223141 0.271285
1 0.618678 0.612616 0.190647 0.268987
1 0.382616 0.141912 0.274414 0.283824
1 0.417929 0.349675 0.180388 0.246598
1 0.89444 0.250474 0.197704 0.248422
1 0.196483 0.0926064 0.238673 0.185213
