1 0.241021 0.166036 0.19565 0.252621
2 0.730615 0.691545 0.47198 0.485964
1 0.173301 0.626522 0.165697 0.280984
1 0.936658 0.450889 0.126684 0.261627
1 0.222778 0.832299 0.220438 0.254902
1 0.679789 0.391632 0.183672 0.249956
1 0.80969 0.432614 0.201368 0.246568
1 0.95559 0.658187 0.0886334 0.301837
1 0.46258 0.157518 0.193698 0.261129
1 0.712132 0.175512 0.202388 0.272234
1 0.221009 0.299185 0.185052 0.232006
1 0.349455 0.630215 0.214801 0.272409
1 0.477268 0.309646 0.202932 0.245631
1 0.904935 0.107784 0.190129 0.215568
1 0.404845 0.635894 0.273384 0.281731
