1 0.263565 0.602151 0.218519 0.24519
1 0.413478 0.86642 0.187124 0.243756
1 0.426937 0.614309 0.226078 0.282452
1 0.200274 0.112948 0.189822 0.225285
2 0.609109 0.145417 0.412135 0.290834
1 0.179069 0.818631 0.190291 0.270673
1 0.695381 0.26946 0.198344 0.257612
1 0.687538 0.554441 0.171298 0.265855
1 0.0419353 0.529747 0.0838706 0.307945
1 0.842929 0.611881 0.220946 0.377726
1 0.57544 0.845059 0.198984 0.275157
1 0.976238 0.238609 0.0474357 0.267901
1 0.875557 0.312993 0.214153 0.323742
1 0.0533005 0.886132 0.106541 0.222536
1 0.154586 0.316536 0.187727 0.230753
