1 0.400797 0.764975 0.196561 0.258865
1 0.940048 0.470722 0.119905 0.272077
1 0.893238 0.841059 0.195988 0.237436
1 0.512561 0.53141 0.202562 0.271537
1 0.702363 0.305298 0.197007 0.255019
1 0.562421 0.728266 0.208847 0.274713
1 0.878654 0.275232 0.190225 0.248694
1 0.720473 0.820596 0.229925 0.284576
1 0.395352 0.317331 0.205749 0.26325
1 0.338163 0.116522 0.182677 0.232521
1 0.637207 0.52891 0.224133 0.288598
1 0.784908 0.627425 0.188162 0.287256
2 0.222079 0.613607 0.269339 0.50083
1 0.531154 0.113174 0.200538 0.226348
