1 0.712067 0.133866 0.199363 0.267733
1 0.560805 0.609414 0.223674 0.285837
1 0.527311 0.857923 0.192946 0.249182
1 0.728714 0.624474 0.216243 0.24959
1 0.141911 0.544882 0.22471 0.361727
1 0.366711 0.810226 0.192757 0.284799
1 0.771216 0.84421 0.194553 0.2693
2 0.477055 0.142416 0.407076 0.284833
1 0.961703 0.58918 0.0762843 0.326035
1 0.911476 0.914901 0.176767 0.167098
1 0.892228 0.364565 0.200648 0.232146
1 0.357087 0.24871 0.193312 0.238844
1 0.886682 0.156264 0.198127 0.259228
1 0.169194 0.258731 0.207191 0.313761
