1 0.705995 0.613851 0.215268 0.256363
1 0.540234 0.576474 0.219176 0.288809
1 0.780143 0.120357 0.208241 0.240713
1 0.465211 0.819723 0.191069 0.258068
1 0.708404 0.834231 0.209413 0.267449
1 0.308585 0.749069 0.191797 0.296341
1 0.146911 0.456713 0.223522 0.362416
1 0.926576 0.177878 0.146848 0.279215
1 0.834639 0.922765 0.191802 0.150422
1 0.307613 0.443677 0.161302 0.279334
2 0.563125 0.120426 0.412916 0.240851
1 0.40628 0.18444 0.198906 0.253567
1 0.909171 0.368466 0.181659 0.240807
1 0.952887 0.604999 0.0942255 0.3153
