1 0.548426 0.298609 0.220284 0.273325
1 0.710328 0.357491 0.229706 0.253474
2 0.413668 0.745967 0.415914 0.372226
1 0.824961 0.881197 0.186716 0.237606
1 0.312277 0.572456 0.200438 0.254966
1 0.954368 0.515244 0.0911225 0.310162
1 0.119985 0.48505 0.216363 0.33698
1 0.284467 0.294752 0.155939 0.254845
1 0.653451 0.835255 0.199952 0.277752
1 0.939091 0.932274 0.121227 0.13171
1 0.0314867 0.538527 0.0629734 0.302469
1 0.776527 0.164552 0.194773 0.262299
1 0.579639 0.506612 0.172919 0.232339
1 0.978084 0.75781 0.0437468 0.303999
