2 0.627783 0.697452 0.469689 0.503445
1 0.898535 0.509508 0.20108 0.258329
1 0.90955 0.712685 0.179535 0.274617
1 0.125342 0.745455 0.228751 0.270025
1 0.192619 0.107124 0.191969 0.214248
1 0.0922753 0.537611 0.163791 0.288357
1 0.610556 0.397504 0.184239 0.25496
1 0.412552 0.127018 0.195861 0.254036
1 0.162526 0.22053 0.184551 0.22738
1 0.733556 0.452972 0.207723 0.236823
1 0.267074 0.573837 0.212873 0.26273
1 0.681948 0.183026 0.25259 0.288926
1 0.358123 0.594469 0.199248 0.272707
1 0.884752 0.131146 0.230142 0.262292
