1 0.474461 0.773033 0.197328 0.267113
2 0.645156 0.203111 0.460676 0.406222
1 0.91341 0.137614 0.17318 0.271817
1 0.117019 0.382206 0.190059 0.283754
1 0.217895 0.688552 0.201719 0.254636
1 0.137353 0.16673 0.229499 0.264235
1 0.909877 0.334035 0.180246 0.255197
1 0.920592 0.744266 0.158816 0.304211
1 0.713217 0.691582 0.199254 0.282432
1 0.248916 0.813477 0.224763 0.272627
1 0.756869 0.405272 0.228129 0.234041
1 0.431226 0.594702 0.276694 0.289863
1 0.297789 0.314367 0.226651 0.296162
1 0.376171 0.282369 0.203658 0.257996
