1 0.691806 0.354542 0.18076 0.250378
1 0.174255 0.894521 0.214841 0.210958
1 0.111974 0.731917 0.200291 0.248405
1 0.0486574 0.870367 0.0969185 0.255089
2 0.638691 0.638634 0.449235 0.490672
1 0.757717 0.15907 0.191017 0.248693
1 0.847176 0.266169 0.155927 0.313671
1 0.0828087 0.207186 0.165617 0.320171
0 0.493725 0.553633 0.0746429 0.0913403
1 0.0496296 0.446922 0.0992592 0.267402
0 0.313966 0.42706 0.0640761 0.0897132
0 0.519841 0.771282 0.142779 0.205441
1 0.148251 0.350033 0.221459 0.278407
