1 0.867074 0.593932 0.216536 0.253396
2 0.567865 0.764163 0.473863 0.469735
1 0.206427 0.151849 0.209381 0.262463
1 0.853085 0.798964 0.195239 0.265975
1 0.0703857 0.590631 0.140115 0.283157
1 0.421232 0.186868 0.194452 0.27175
1 0.161465 0.279456 0.197904 0.240618
1 0.900766 0.155889 0.198468 0.244964
1 0.223793 0.644789 0.222379 0.280204
1 0.589229 0.468202 0.187029 0.250754
1 0.0870875 0.813059 0.174175 0.271197
1 0.664694 0.253871 0.208351 0.286884
1 0.696595 0.533594 0.220843 0.241858
1 0.475806 0.608771 0.208894 0.276251
