1 0.4683 0.761953 0.190114 0.266261
1 0.0861517 0.448757 0.171765 0.270948
2 0.572199 0.1804 0.464372 0.358951
1 0.881149 0.228906 0.218399 0.256599
1 0.910786 0.639951 0.178428 0.311695
1 0.209001 0.732901 0.203044 0.260857
1 0.413494 0.597166 0.276018 0.278722
1 0.25577 0.848891 0.22023 0.278358
1 0.0975635 0.224128 0.195127 0.278634
1 0.333645 0.290008 0.195805 0.254867
1 0.251753 0.346765 0.218201 0.27941
1 0.856385 0.0864475 0.18837 0.172854
1 0.695226 0.629322 0.197522 0.2884
1 0.714053 0.335454 0.218735 0.230741
