1 0.319761 0.895041 0.21606 0.208096
1 0.256771 0.722046 0.198989 0.261016
1 0.174341 0.184183 0.247905 0.29315
2 0.783116 0.739405 0.417865 0.475299
1 0.142964 0.412957 0.188381 0.251596
1 0.829747 0.481227 0.178255 0.241949
1 0.954455 0.43274 0.0909238 0.324814
1 0.168225 0.854797 0.144153 0.279959
0 0.454366 0.469116 0.0684603 0.0890311
0 0.630375 0.63319 0.0733632 0.0934951
1 0.897605 0.296656 0.186257 0.240079
1 0.852346 0.126092 0.232575 0.250971
1 0.286423 0.346845 0.210944 0.257946
1 0.964506 0.706369 0.0709156 0.297778
