1 0.211388 0.786244 0.190136 0.267642
1 0.453503 0.665594 0.229247 0.272053
1 0.2958 0.600741 0.219744 0.263599
1 0.438049 0.892999 0.189185 0.212704
1 0.726618 0.403788 0.191875 0.255335
1 0.068507 0.816787 0.136663 0.220441
2 0.655106 0.210771 0.399679 0.373266
1 0.196715 0.272254 0.190863 0.237962
1 0.898973 0.50452 0.202054 0.321
1 0.412625 0.135436 0.195883 0.270872
1 0.859385 0.817584 0.199127 0.291159
1 0.595199 0.903468 0.197729 0.18776
1 0.715799 0.686811 0.161641 0.242174
1 0.889618 0.263571 0.220763 0.271721
