1 0.218649 0.345988 0.194254 0.269085
1 0.23263 0.743659 0.198101 0.256873
1 0.648929 0.58011 0.203378 0.288253
1 0.502624 0.295303 0.200418 0.269382
1 0.56968 0.754136 0.21203 0.290288
1 0.725984 0.844426 0.200215 0.27266
2 0.886809 0.777708 0.226383 0.444583
1 0.397748 0.783384 0.222891 0.308889
1 0.37022 0.562776 0.187771 0.276995
1 0.333552 0.198342 0.196485 0.241923
1 0.524783 0.52777 0.209716 0.286692
1 0.422104 0.117254 0.193367 0.234508
1 0.890165 0.238262 0.199478 0.268206
1 0.700605 0.155123 0.208749 0.252337
1 0.805258 0.4125 0.21427 0.275882
