2 0.768647 0.745585 0.431956 0.483222
1 0.234545 0.609409 0.195365 0.26081
1 0.287508 0.800152 0.212249 0.226734
1 0.83115 0.506861 0.184087 0.246342
1 0.13999 0.278447 0.181037 0.253708
1 0.140619 0.712206 0.141019 0.290233
1 0.954862 0.504446 0.0900817 0.317344
0 0.621546 0.611661 0.0732737 0.0962228
0 0.452474 0.407061 0.0676189 0.0884705
1 0.876261 0.150695 0.233654 0.259274
1 0.181295 0.103855 0.244115 0.207709
1 0.90736 0.342606 0.185104 0.238823
1 0.972117 0.893496 0.055764 0.210935
1 0.694777 0.252157 0.259515 0.263868
