1 0.288538 0.598574 0.214367 0.249651
1 0.686801 0.303104 0.190886 0.238579
1 0.452574 0.621819 0.225545 0.278812
1 0.467555 0.868266 0.188793 0.242236
2 0.581185 0.158273 0.403902 0.314757
1 0.869811 0.646955 0.224771 0.361829
1 0.0484244 0.492692 0.0968487 0.293263
1 0.176614 0.103699 0.179385 0.207256
1 0.626869 0.86054 0.196996 0.270459
1 0.873378 0.360853 0.210612 0.308875
1 0.348676 0.118402 0.198731 0.236805
1 0.225677 0.801413 0.187834 0.262538
1 0.712008 0.58602 0.164299 0.270522
1 0.0805167 0.870207 0.161033 0.204804
1 0.149439 0.301676 0.190569 0.223748
