1 0.770903 0.389337 0.219823 0.289075
1 0.215237 0.467696 0.208304 0.311353
2 0.245011 0.164144 0.329186 0.326628
1 0.308416 0.852915 0.209157 0.232307
1 0.774315 0.0929431 0.20804 0.1836
1 0.566695 0.468456 0.194452 0.294883
1 0.42886 0.630675 0.207147 0.267644
1 0.0451451 0.788293 0.0902902 0.281358
1 0.624655 0.193395 0.197923 0.290071
1 0.808111 0.555261 0.216897 0.284058
1 0.22152 0.627039 0.229289 0.259906
0 0.792799 0.731218 0.0741925 0.0954817
1 0.0767256 0.548923 0.153451 0.291025
1 0.109834 0.85033 0.217306 0.292711
