1 0.122486 0.13091 0.210426 0.26182
1 0.686748 0.413362 0.21458 0.315709
1 0.12149 0.458685 0.228747 0.290615
1 0.270752 0.230702 0.203732 0.303623
2 0.64534 0.146747 0.324202 0.293495
1 0.475734 0.625689 0.208154 0.269139
1 0.590053 0.81509 0.207386 0.234012
1 0.335268 0.496009 0.192308 0.288347
1 0.680176 0.579348 0.231589 0.278257
1 0.0958826 0.644351 0.191765 0.290682
0 0.0945803 0.816687 0.0737971 0.0914435
1 0.889545 0.682329 0.144951 0.275193
1 0.866154 0.470543 0.228602 0.268503
1 0.308583 0.0898619 0.183265 0.176935
1 0.813516 0.329448 0.203555 0.273683
