1 0.701141 0.587982 0.183755 0.256901
2 0.67812 0.299904 0.431877 0.505434
1 0.155652 0.248771 0.196709 0.245409
1 0.0573733 0.532497 0.114747 0.262849
1 0.752284 0.783587 0.185339 0.238818
1 0.853651 0.673587 0.170475 0.316805
1 0.0784658 0.780258 0.156878 0.31347
1 0.92825 0.267161 0.143499 0.23725
0 0.514339 0.401056 0.0653595 0.0880895
1 0.0750362 0.121223 0.148094 0.240665
1 0.233437 0.0985976 0.207647 0.197195
1 0.217393 0.465392 0.262952 0.298624
0 0.375986 0.601634 0.077522 0.0984268
1 0.695475 0.913153 0.228123 0.170056
