1 0.724725 0.284573 0.224678 0.289419
1 0.891456 0.444231 0.185021 0.267436
1 0.394972 0.322722 0.215598 0.299143
2 0.421136 0.73528 0.399785 0.452912
1 0.0960085 0.541602 0.191585 0.286623
1 0.835418 0.734233 0.198661 0.24251
1 0.671485 0.632939 0.206617 0.239252
1 0.676369 0.900074 0.198546 0.197479
1 0.0376745 0.331284 0.0753489 0.258522
1 0.609599 0.0826073 0.201491 0.164449
1 0.136121 0.0923462 0.220801 0.18466
1 0.562585 0.21077 0.225338 0.293068
0 0.425681 0.513043 0.0850539 0.105912
1 0.937797 0.218795 0.124406 0.321447
