1 0.77615 0.527657 0.179553 0.252151
2 0.707209 0.256183 0.445885 0.483274
1 0.134725 0.771299 0.250642 0.302294
1 0.0938929 0.535083 0.177038 0.259615
1 0.190879 0.240177 0.189135 0.241161
1 0.926305 0.597906 0.14739 0.3198
1 0.818874 0.883865 0.235655 0.230649
1 0.944943 0.189404 0.110114 0.231338
1 0.851068 0.716266 0.185632 0.229819
0 0.565559 0.3589 0.0673574 0.0878733
1 0.279454 0.442083 0.249139 0.294331
0 0.453311 0.570793 0.0773581 0.0939412
1 0.243997 0.0892389 0.20784 0.176863
1 0.51458 0.723948 0.211815 0.284132
