1 0.169866 0.501985 0.21552 0.249371
2 0.429964 0.688911 0.469354 0.503033
1 0.679648 0.123898 0.18997 0.247797
1 0.153412 0.707275 0.181856 0.27512
1 0.950756 0.51844 0.0977729 0.278365
1 0.46605 0.387385 0.186001 0.249323
1 0.911558 0.737358 0.176884 0.269737
1 0.905167 0.106664 0.189665 0.210651
1 0.432575 0.174527 0.20813 0.275344
1 0.709424 0.597649 0.190021 0.261951
1 0.798217 0.564049 0.23449 0.273148
1 0.202528 0.123546 0.223723 0.247092
1 0.343181 0.440895 0.211665 0.237095
1 0.915144 0.208271 0.169713 0.245061
