1 0.676103 0.725216 0.193254 0.257106
1 0.200593 0.750915 0.230045 0.301836
2 0.387293 0.190576 0.44796 0.381152
1 0.123733 0.145593 0.179746 0.25925
1 0.150357 0.341949 0.218217 0.250026
1 0.937287 0.292348 0.125426 0.300156
1 0.427388 0.672904 0.210775 0.286332
1 0.907861 0.620111 0.184277 0.254727
1 0.898689 0.742982 0.202524 0.262697
1 0.687214 0.551825 0.26716 0.28614
1 0.779505 0.248395 0.21814 0.277948
1 0.686362 0.231254 0.202158 0.272639
1 0.323354 0.392909 0.198618 0.238306
1 0.891928 0.105191 0.216143 0.209351
1 0.724948 0.239429 0.275301 0.281776
