1 0.241472 0.233575 0.207474 0.294269
1 0.850335 0.237204 0.213712 0.280559
2 0.41191 0.78479 0.385575 0.413087
1 0.0659955 0.311295 0.13182 0.256025
1 0.537506 0.409557 0.22084 0.282618
1 0.192336 0.59423 0.19491 0.249036
0 0.456383 0.578221 0.0843558 0.104762
1 0.777631 0.750506 0.241661 0.293194
1 0.408647 0.233507 0.227257 0.28967
1 0.643566 0.720564 0.253455 0.314896
1 0.114028 0.848212 0.197264 0.207849
1 0.396686 0.0865637 0.204136 0.170909
1 0.055173 0.613256 0.110346 0.273548
1 0.0563391 0.115411 0.112678 0.230822
