1 0.117958 0.521804 0.219662 0.281549
1 0.0815015 0.199132 0.162313 0.277511
1 0.676135 0.412837 0.216395 0.306008
1 0.649487 0.814198 0.199541 0.243495
2 0.57195 0.152458 0.312243 0.304916
1 0.222703 0.28116 0.201297 0.299101
1 0.329867 0.535466 0.194868 0.278305
1 0.492788 0.641671 0.208137 0.266215
1 0.0305916 0.411195 0.0611833 0.323493
1 0.694573 0.574863 0.225134 0.272596
1 0.918253 0.647693 0.143297 0.28505
0 0.151464 0.869367 0.0733143 0.0882942
1 0.109039 0.706981 0.213907 0.28921
1 0.858583 0.441873 0.230727 0.267005
