1 0.201815 0.587124 0.18279 0.260918
1 0.461951 0.412868 0.192526 0.261856
1 0.657657 0.622609 0.20395 0.269998
1 0.280644 0.391446 0.18562 0.245619
1 0.61435 0.825043 0.218416 0.272408
1 0.779218 0.853484 0.194576 0.262892
1 0.347133 0.268765 0.187859 0.237188
2 0.921095 0.702486 0.15781 0.483818
1 0.386637 0.730741 0.190844 0.291065
1 0.919431 0.437575 0.160575 0.254196
1 0.521435 0.624683 0.209491 0.280201
1 0.814154 0.196968 0.173976 0.240335
1 0.621082 0.199005 0.198093 0.243863
1 0.291487 0.914768 0.196891 0.166573
