1 0.518105 0.406812 0.201177 0.264102
1 0.184172 0.664964 0.214105 0.28337
1 0.121769 0.406999 0.227085 0.281396
1 0.0584868 0.701029 0.116974 0.294256
1 0.844425 0.713194 0.2279 0.26983
1 0.69998 0.285077 0.203152 0.276599
1 0.702232 0.538414 0.226038 0.29356
1 0.144241 0.228646 0.218866 0.297448
1 0.659773 0.68329 0.223665 0.298037
2 0.509981 0.874764 0.309736 0.245032
1 0.336856 0.457548 0.209571 0.267491
0 0.21041 0.0835765 0.0732804 0.0884492
1 0.925894 0.559448 0.148213 0.298472
1 0.0232886 0.477853 0.0465456 0.31646
