1 0.211963 0.623232 0.193497 0.258653
1 0.225364 0.826689 0.212004 0.258041
1 0.189846 0.292649 0.188578 0.26473
1 0.836224 0.729165 0.192716 0.249224
1 0.285415 0.126353 0.258618 0.252706
2 0.704408 0.841312 0.439535 0.317375
1 0.923596 0.419616 0.152809 0.273794
1 0.0908747 0.684195 0.161716 0.295477
1 0.927177 0.608527 0.144818 0.234358
1 0.754575 0.450618 0.269328 0.273614
0 0.600562 0.758377 0.0730838 0.0887098
1 0.333735 0.302959 0.190293 0.224666
1 0.954506 0.795465 0.0909354 0.302859
1 0.522403 0.363779 0.191989 0.240532
