1 0.540085 0.842607 0.187744 0.245547
1 0.732155 0.603442 0.220491 0.259374
1 0.781212 0.815093 0.193368 0.259822
1 0.560459 0.596754 0.21587 0.282677
1 0.691327 0.119517 0.197326 0.239034
1 0.14321 0.556961 0.223048 0.365691
1 0.961709 0.541625 0.0763849 0.320792
1 0.921992 0.899036 0.156016 0.198963
1 0.343561 0.242307 0.187088 0.243387
2 0.452941 0.13363 0.413075 0.267261
1 0.156229 0.267327 0.204034 0.304711
1 0.377664 0.808488 0.196412 0.279735
1 0.863769 0.122099 0.186565 0.240542
1 0.307436 0.511414 0.158608 0.273255
