1 0.196429 0.327021 0.201307 0.272359
2 0.772627 0.559124 0.454747 0.572728
1 0.411913 0.193832 0.205152 0.263988
1 0.938491 0.178404 0.123019 0.26642
1 0.67949 0.2848 0.190453 0.251737
1 0.22144 0.793496 0.192376 0.302394
1 0.206044 0.453852 0.203885 0.268965
1 0.813034 0.256881 0.206946 0.276972
1 0.511582 0.64854 0.185854 0.271792
1 0.408139 0.686791 0.219636 0.289589
1 0.465551 0.3175 0.194953 0.265226
1 0.978046 0.368595 0.0439077 0.330583
1 0.655603 0.106451 0.212756 0.212902
1 0.322971 0.905458 0.2165 0.184642
