1 0.253195 0.528818 0.183197 0.244485
1 0.816764 0.808989 0.200092 0.251657
2 0.278162 0.774909 0.449138 0.449603
1 0.925297 0.506099 0.149406 0.261526
1 0.897539 0.272582 0.204922 0.312982
1 0.25305 0.163857 0.240727 0.262711
1 0.197934 0.341521 0.185933 0.236868
0 0.443361 0.691268 0.0662279 0.0875267
1 0.100061 0.473262 0.162306 0.316222
1 0.371131 0.501644 0.180806 0.235802
1 0.0518515 0.87574 0.103703 0.222253
1 0.900635 0.899484 0.155565 0.197924
0 0.628047 0.539041 0.0710042 0.0892855
1 0.533833 0.327158 0.215643 0.286819
