1 0.0915139 0.749532 0.183028 0.277764
1 0.235761 0.645376 0.200346 0.292209
1 0.110683 0.411876 0.218875 0.283178
1 0.850744 0.45528 0.218398 0.266342
1 0.667715 0.496531 0.212653 0.320014
2 0.608525 0.799162 0.312168 0.387539
1 0.679208 0.330314 0.233541 0.265342
1 0.0963091 0.234662 0.191132 0.290494
1 0.467289 0.278071 0.211737 0.269832
1 0.0301529 0.559881 0.0603058 0.351694
1 0.319757 0.389801 0.19592 0.285627
1 0.848305 0.937107 0.210112 0.123918
1 0.889436 0.260162 0.148203 0.290835
1 0.604462 0.108365 0.211874 0.216731
