2 0.300286 0.208099 0.442157 0.416198
1 0.605763 0.762196 0.202229 0.273015
1 0.069409 0.18102 0.138818 0.273988
1 0.0942011 0.381427 0.187689 0.256002
1 0.845944 0.650184 0.192412 0.244635
1 0.355331 0.711001 0.208367 0.284606
1 0.88675 0.335833 0.167783 0.279542
1 0.826391 0.120955 0.221163 0.238386
1 0.831795 0.778746 0.200878 0.251093
1 0.129697 0.782386 0.230583 0.297467
1 0.697583 0.286868 0.23006 0.273614
1 0.61069 0.271378 0.195363 0.266493
1 0.653542 0.277677 0.276882 0.276398
1 0.254468 0.434691 0.204742 0.240576
