1 0.839072 0.222076 0.197699 0.269461
2 0.285891 0.760507 0.483565 0.47581
1 0.615629 0.222301 0.200154 0.278089
1 0.86315 0.679829 0.174867 0.277892
1 0.0872474 0.545558 0.174238 0.260195
1 0.151725 0.146631 0.236708 0.293262
1 0.368537 0.463439 0.184024 0.243431
1 0.0561515 0.743805 0.112303 0.285107
1 0.242788 0.512042 0.203593 0.241398
1 0.669468 0.694316 0.232589 0.273957
1 0.847085 0.355616 0.196925 0.243959
1 0.782383 0.87944 0.226519 0.234665
1 0.60906 0.391533 0.248885 0.280597
1 0.354727 0.240587 0.230293 0.293362
1 0.578659 0.718547 0.198633 0.271992
