1 0.938124 0.403396 0.123752 0.262747
2 0.759132 0.218721 0.469151 0.435599
1 0.428998 0.753984 0.201594 0.269504
1 0.889807 0.813291 0.219154 0.298786
1 0.186791 0.302467 0.176699 0.290545
1 0.433926 0.577858 0.26403 0.286447
1 0.206083 0.758107 0.209776 0.269105
1 0.412122 0.269846 0.303911 0.30075
1 0.964837 0.195803 0.0702598 0.333469
1 0.691929 0.722602 0.230621 0.291973
1 0.206024 0.62536 0.207042 0.249162
1 0.369597 0.278458 0.219214 0.287755
1 0.816846 0.439883 0.196681 0.239449
1 0.265188 0.114717 0.229515 0.229434
