1 0.312852 0.698327 0.215125 0.270318
1 0.868755 0.661463 0.187212 0.268921
1 0.809328 0.357693 0.205485 0.283246
1 0.548016 0.50814 0.215965 0.262042
1 0.501071 0.295653 0.226777 0.284449
1 0.64285 0.276365 0.174099 0.242094
1 0.489145 0.804869 0.199451 0.259534
2 0.69181 0.71342 0.247191 0.33019
1 0.835993 0.867217 0.187879 0.258779
1 0.341448 0.899071 0.186693 0.198763
1 0.303262 0.477292 0.20991 0.282283
1 0.354936 0.422859 0.211534 0.259347
1 0.201266 0.301268 0.184733 0.287373
1 0.70436 0.936701 0.180417 0.123961
