1 0.588105 0.487191 0.208884 0.299649
1 0.807633 0.647076 0.221773 0.293189
1 0.173853 0.399769 0.192524 0.279093
1 0.713857 0.87472 0.20801 0.250559
2 0.373167 0.383766 0.284162 0.326021
1 0.821292 0.377972 0.166885 0.239819
1 0.18056 0.143426 0.198775 0.261875
0 0.57275 0.832709 0.0705034 0.0911675
1 0.867243 0.922703 0.18151 0.15072
1 0.798383 0.171329 0.1767 0.255474
1 0.501556 0.873887 0.195879 0.249242
1 0.0547502 0.190098 0.1095 0.255599
1 0.7539 0.376545 0.179743 0.24447
1 0.230289 0.553769 0.204477 0.240868
