1 0.864949 0.422325 0.22266 0.333945
1 0.499034 0.420633 0.219071 0.322456
1 0.123626 0.80017 0.205158 0.260267
1 0.661761 0.573871 0.194482 0.26532
1 0.41377 0.165792 0.205663 0.25817
2 0.251554 0.31242 0.268904 0.345148
1 0.455752 0.759144 0.229643 0.318762
1 0.659278 0.255901 0.186972 0.245946
1 0.576147 0.217262 0.174449 0.245944
1 0.115679 0.661349 0.184598 0.242282
1 0.78155 0.848505 0.245969 0.302881
1 0.648434 0.815432 0.263512 0.349707
1 0.952162 0.608302 0.0953865 0.354714
1 0.611609 0.231284 0.218305 0.257572
