1 0.790942 0.331299 0.207025 0.287981
1 0.482265 0.241612 0.225016 0.285306
1 0.530212 0.45944 0.217941 0.260555
1 0.849915 0.635265 0.192358 0.275079
1 0.29194 0.632759 0.217724 0.276963
1 0.471222 0.752205 0.198444 0.262555
2 0.674337 0.676526 0.248947 0.326837
1 0.624272 0.231474 0.176838 0.252292
1 0.284583 0.405888 0.209383 0.29329
1 0.319432 0.842191 0.189921 0.201174
1 0.685194 0.912423 0.187897 0.173023
1 0.179714 0.223607 0.185385 0.287879
1 0.33438 0.364122 0.207949 0.267386
1 0.815771 0.838371 0.186396 0.263104
1 0.970691 0.704537 0.0586032 0.299174
