1 0.395352 0.34412 0.229289 0.289677
1 0.16589 0.451904 0.213609 0.259257
1 0.825623 0.484217 0.201903 0.265613
2 0.578605 0.60756 0.245839 0.325291
1 0.254995 0.776498 0.236686 0.267249
1 0.886841 0.296311 0.208167 0.270791
1 0.412159 0.789135 0.210307 0.243936
1 0.112515 0.250414 0.217267 0.286077
1 0.95264 0.588466 0.0943728 0.316207
1 0.958938 0.305615 0.0816764 0.314966
1 0.798426 0.0966522 0.27122 0.193304
1 0.270927 0.275735 0.254716 0.270054
1 0.111768 0.649898 0.145298 0.261823
0 0.396411 0.0695457 0.0883208 0.0930158
