1 0.908662 0.706221 0.182677 0.295624
1 0.729107 0.564116 0.201327 0.28909
1 0.334459 0.496725 0.19922 0.280709
1 0.78736 0.901775 0.201465 0.190154
1 0.390926 0.235147 0.184292 0.248693
2 0.53411 0.475484 0.277478 0.31724
1 0.362602 0.646223 0.199659 0.24692
1 0.57179 0.911401 0.183247 0.174714
1 0.919126 0.436673 0.161749 0.243232
1 0.961186 0.226848 0.0776271 0.285535
1 0.959557 0.434743 0.0806522 0.265612
1 0.224772 0.293614 0.174195 0.243085
1 0.144046 0.932891 0.188632 0.131418
1 0.793312 0.435363 0.192213 0.254108
