1 0.325519 0.855722 0.199317 0.254119
1 0.330051 0.128663 0.233318 0.254571
1 0.564093 0.415493 0.202918 0.280552
0 0.378543 0.56437 0.0876274 0.115485
1 0.763734 0.386793 0.228776 0.272514
1 0.625784 0.694732 0.194383 0.261627
1 0.859287 0.556323 0.22873 0.264803
0 0.487801 0.170399 0.191908 0.227577
1 0.269957 0.44803 0.247823 0.301919
1 0.874346 0.145289 0.25077 0.257805
1 0.1662 0.809236 0.193714 0.291095
1 0.926861 0.334278 0.146277 0.25683
0 0.898526 0.727323 0.0619392 0.0804891
1 0.785296 0.82652 0.208119 0.299362
