1 0.449171 0.322409 0.211957 0.294252
1 0.195731 0.783502 0.204833 0.27664
1 0.891626 0.34703 0.21386 0.270451
1 0.833862 0.578775 0.218207 0.293817
1 0.399661 0.824745 0.256878 0.285231
2 0.65914 0.300501 0.304063 0.40612
1 0.832482 0.820898 0.179356 0.248094
1 0.668077 0.643842 0.177968 0.234406
1 0.944946 0.730624 0.109078 0.265432
1 0.365237 0.641803 0.213832 0.260238
1 0.185298 0.368953 0.187087 0.256803
1 0.139158 0.505456 0.191266 0.259743
1 0.616856 0.804123 0.18116 0.242066
1 0.675499 0.884127 0.190364 0.22719
