1 0.596101 0.2429 0.219992 0.283131
2 0.126417 0.154178 0.251675 0.308355
1 0.471229 0.565981 0.22947 0.284411
1 0.847813 0.330297 0.198188 0.268293
1 0.655188 0.50825 0.222239 0.330697
1 0.263169 0.558899 0.212524 0.280051
1 0.0864729 0.655753 0.171493 0.273254
1 0.75311 0.293954 0.212167 0.279817
1 0.731761 0.784205 0.232567 0.276504
0 0.378972 0.910926 0.0689367 0.0921867
1 0.452524 0.749841 0.220204 0.283017
1 0.411208 0.314682 0.212965 0.316831
1 0.0309613 0.386147 0.0619227 0.307939
1 0.462465 0.0833691 0.174204 0.164983
