1 0.202256 0.37395 0.203315 0.290304
1 0.480828 0.482846 0.209226 0.259154
1 0.57958 0.767118 0.200772 0.262683
1 0.743718 0.637322 0.216357 0.274946
1 0.185639 0.673447 0.174974 0.260288
1 0.720565 0.40903 0.220071 0.280001
1 0.495615 0.261754 0.213479 0.286616
2 0.364848 0.698828 0.257151 0.326862
1 0.252412 0.8689 0.193026 0.254065
1 0.743824 0.851805 0.183085 0.212149
1 0.359122 0.259837 0.180221 0.24806
1 0.654996 0.369029 0.194177 0.260785
1 0.402079 0.929131 0.176018 0.138948
1 0.117326 0.851293 0.161927 0.266747
