1 0.597619 0.288002 0.208215 0.277554
1 0.379051 0.518638 0.212866 0.253226
1 0.198174 0.783151 0.219948 0.253737
1 0.288332 0.324005 0.230605 0.268056
1 0.389328 0.826018 0.196398 0.260862
1 0.719867 0.56219 0.19207 0.267909
2 0.563771 0.669962 0.244784 0.327647
1 0.417404 0.261901 0.171886 0.234976
1 0.0471448 0.442371 0.0942896 0.317261
1 0.63396 0.909032 0.191368 0.178552
1 0.15077 0.567483 0.221978 0.279146
1 0.729092 0.772699 0.178601 0.263214
1 0.165546 0.202435 0.219791 0.260228
1 0.1782 0.503777 0.2089 0.266112
