1 0.382662 0.83315 0.202069 0.235419
1 0.841511 0.72349 0.204881 0.30922
1 0.477682 0.610534 0.213624 0.310534
2 0.239276 0.63924 0.259543 0.339532
1 0.126234 0.121042 0.200141 0.242084
1 0.647802 0.50093 0.196856 0.262278
1 0.631602 0.816368 0.180117 0.244284
1 0.549987 0.827507 0.173275 0.247773
1 0.452562 0.270043 0.223383 0.281593
1 0.948355 0.576701 0.103289 0.341068
1 0.775303 0.262858 0.239326 0.312807
1 0.957942 0.174376 0.0839853 0.334658
1 0.970139 0.867803 0.0597163 0.264395
1 0.0897579 0.821912 0.139232 0.201235
1 0.647632 0.261814 0.250748 0.338742
0 0.205052 0.559004 0.133165 0.159189
