1 0.274883 0.714478 0.254806 0.272499
1 0.102719 0.551681 0.198467 0.274906
1 0.861037 0.519282 0.221124 0.283695
2 0.661299 0.340822 0.29201 0.401951
1 0.804552 0.898085 0.177895 0.199147
1 0.729948 0.695626 0.221156 0.2969
1 0.467767 0.250448 0.211892 0.27386
1 0.650955 0.900528 0.1861 0.194635
1 0.844344 0.201429 0.178449 0.240301
1 0.0921448 0.866924 0.178469 0.24236
1 0.560913 0.67624 0.183774 0.240761
1 0.952417 0.214941 0.095166 0.300131
0 0.590173 0.488175 0.0797118 0.0953703
1 0.332816 0.908623 0.202463 0.180699
1 0.0289318 0.453763 0.0578636 0.281009
1 0.140069 0.25476 0.193705 0.257394
1 0.298122 0.507652 0.21664 0.238716
