1 0.631641 0.185364 0.207082 0.274409
1 0.572253 0.517417 0.225303 0.281569
1 0.742985 0.436583 0.22321 0.310792
2 0.136825 0.16174 0.271621 0.322215
1 0.361729 0.540166 0.200318 0.281305
1 0.466315 0.278048 0.202041 0.300742
1 0.0661199 0.437705 0.132023 0.325706
1 0.192127 0.656182 0.198644 0.270765
1 0.80189 0.209958 0.197727 0.258408
1 0.861481 0.69168 0.219154 0.277716
1 0.589707 0.694796 0.218801 0.279024
1 0.906251 0.23162 0.172915 0.262949
1 0.736017 0.813993 0.197555 0.24726
0 0.540935 0.861651 0.0706453 0.0897888
