1 0.159894 0.487528 0.194092 0.268381
1 0.702568 0.731022 0.207737 0.283678
1 0.207901 0.741511 0.225256 0.288341
2 0.356606 0.193611 0.223507 0.301295
1 0.941504 0.895899 0.116548 0.205648
1 0.54974 0.744465 0.175425 0.219728
1 0.736385 0.350346 0.217047 0.276902
1 0.922326 0.753924 0.155348 0.302824
0 0.821577 0.846677 0.0861707 0.108327
1 0.572612 0.889519 0.234805 0.218098
1 0.903866 0.257677 0.192269 0.242489
1 0.430593 0.558054 0.21003 0.267631
0 0.44519 0.817257 0.0737313 0.0950342
1 0.607509 0.556678 0.200233 0.252707
