1 0.462111 0.449812 0.2103 0.265821
1 0.795392 0.387413 0.191942 0.260546
1 0.321633 0.768917 0.21153 0.257929
1 0.343356 0.286578 0.23321 0.266182
1 0.513697 0.751794 0.195051 0.261216
1 0.641922 0.157117 0.207836 0.270558
1 0.462471 0.18499 0.175338 0.253703
1 0.0870893 0.494295 0.174179 0.294778
1 0.761679 0.784097 0.181087 0.217931
2 0.663427 0.545568 0.236184 0.325298
1 0.834531 0.589353 0.187 0.271605
1 0.0593737 0.262601 0.118656 0.266596
1 0.258305 0.501795 0.23011 0.269861
1 0.213717 0.198033 0.217049 0.274932
1 0.252178 0.557837 0.228184 0.307006
1 0.903258 0.487273 0.193485 0.260602
