1 0.212357 0.559104 0.209141 0.282089
1 0.240119 0.87213 0.190191 0.252549
1 0.370337 0.65549 0.185499 0.263928
2 0.75163 0.232345 0.379911 0.442424
1 0.276407 0.31805 0.190157 0.242446
0 0.530301 0.70593 0.138078 0.171668
1 0.892277 0.474306 0.186687 0.25769
1 0.288544 0.106253 0.192215 0.212506
1 0.395951 0.860941 0.18369 0.225727
1 0.102402 0.88708 0.171219 0.221973
1 0.843948 0.599432 0.18919 0.276446
1 0.0535576 0.236556 0.107115 0.264458
1 0.674609 0.641523 0.199519 0.307021
1 0.701378 0.566573 0.171455 0.254647
