1 0.789619 0.888543 0.228815 0.219438
1 0.3755 0.589385 0.191061 0.292311
2 0.829808 0.328054 0.21772 0.283535
1 0.906165 0.731201 0.184933 0.275047
1 0.0939955 0.572316 0.159728 0.24944
1 0.157179 0.446074 0.211158 0.263011
1 0.944255 0.620666 0.110752 0.240302
0 0.242373 0.614966 0.0834236 0.101263
1 0.657096 0.605902 0.206401 0.27985
1 0.799506 0.551507 0.260332 0.274163
1 0.110375 0.776347 0.208473 0.205293
0 0.562211 0.837904 0.070651 0.0899925
1 0.951617 0.331814 0.0967664 0.276639
1 0.242387 0.786842 0.183478 0.247962
1 0.509574 0.508 0.191236 0.248064
1 0.486839 0.703054 0.189433 0.228975
