1 0.911594 0.505856 0.176811 0.282984
1 0.506303 0.333727 0.213551 0.285473
1 0.92029 0.889941 0.159421 0.220118
1 0.18214 0.70772 0.199632 0.272671
1 0.36956 0.826463 0.255636 0.271231
1 0.825491 0.707236 0.219611 0.292929
2 0.713123 0.372651 0.301872 0.402882
1 0.777401 0.909685 0.184655 0.175826
1 0.879251 0.19703 0.177022 0.243402
1 0.654521 0.723331 0.184307 0.235854
1 0.969511 0.193887 0.0609782 0.318391
1 0.374361 0.619018 0.223216 0.245296
0 0.657915 0.53302 0.0737654 0.0985328
1 0.245669 0.304314 0.199715 0.242404
