1 0.162973 0.368291 0.224143 0.326141
1 0.362474 0.527837 0.202073 0.27364
1 0.532434 0.368686 0.210998 0.320574
2 0.775439 0.260888 0.264642 0.338822
1 0.372519 0.209237 0.182453 0.252832
1 0.558897 0.714044 0.225838 0.323679
1 0.621156 0.11906 0.197327 0.237989
1 0.23545 0.805487 0.243872 0.317226
1 0.45549 0.169755 0.178393 0.245965
1 0.0530598 0.893767 0.10612 0.20839
1 0.893775 0.753171 0.203832 0.269195
1 0.903089 0.615608 0.179739 0.234232
1 0.0610498 0.551749 0.12207 0.350821
1 0.0353642 0.257798 0.0707283 0.266198
