1 0.479052 0.492704 0.218758 0.259652
1 0.163321 0.729354 0.17993 0.261871
1 0.73172 0.604678 0.219818 0.289348
1 0.206043 0.422937 0.20637 0.293131
1 0.55537 0.76579 0.205026 0.264175
1 0.726104 0.375243 0.229398 0.303393
1 0.514061 0.263339 0.227137 0.303857
1 0.373021 0.286827 0.174277 0.245519
2 0.345793 0.736885 0.255436 0.324141
1 0.212207 0.898479 0.19343 0.198647
1 0.668867 0.348973 0.210414 0.271057
1 0.713163 0.82478 0.195325 0.222037
1 0.821372 0.180753 0.193288 0.290753
1 0.0386773 0.826027 0.0773545 0.277602
