1 0.399456 0.285193 0.227863 0.274563
1 0.71293 0.218225 0.205091 0.282381
1 0.243941 0.764147 0.214935 0.257373
1 0.800896 0.488783 0.187496 0.274281
1 0.463905 0.469929 0.216423 0.25693
1 0.534311 0.208922 0.17893 0.244445
1 0.429802 0.782009 0.202873 0.262258
2 0.631946 0.608921 0.246164 0.337714
1 0.657525 0.866949 0.180854 0.21767
1 0.101632 0.440963 0.174191 0.302494
1 0.214641 0.545215 0.210365 0.282078
1 0.967038 0.241917 0.0659243 0.282005
1 0.269037 0.469501 0.197694 0.247811
1 0.105568 0.189339 0.168122 0.257133
1 0.292605 0.172355 0.231945 0.270001
1 0.782158 0.692845 0.186302 0.269528
