1 0.329038 0.85807 0.1985 0.251565
1 0.316021 0.135406 0.232172 0.256467
1 0.556943 0.410803 0.199491 0.270907
1 0.753563 0.386234 0.236078 0.277968
0 0.372649 0.567003 0.0863563 0.110651
0 0.476779 0.168767 0.183255 0.219558
1 0.626401 0.692347 0.194739 0.264169
1 0.164383 0.816484 0.182777 0.282543
1 0.869221 0.137939 0.261559 0.261443
1 0.924427 0.327225 0.151146 0.254547
1 0.859037 0.55282 0.230072 0.268456
1 0.272973 0.457264 0.220831 0.291724
0 0.897427 0.716805 0.0589242 0.0771783
1 0.898313 0.902637 0.195143 0.1872
1 0.209612 0.806016 0.273783 0.299248
1 0.787498 0.815745 0.206515 0.307844
