1 0.833095 0.385855 0.180361 0.268254
1 0.277202 0.301235 0.214869 0.266962
1 0.515827 0.511681 0.208683 0.26099
1 0.773813 0.679775 0.198904 0.285863
1 0.455159 0.216557 0.20159 0.264872
1 0.465893 0.727365 0.221868 0.282184
1 0.604966 0.75367 0.178795 0.248491
1 0.2673 0.521863 0.209966 0.267599
2 0.657548 0.312499 0.246874 0.323871
1 0.163821 0.690528 0.182248 0.282085
1 0.19586 0.901256 0.1738 0.193498
1 0.79518 0.175835 0.182629 0.251316
1 0.960431 0.351865 0.0790085 0.272369
1 0.326305 0.582774 0.201074 0.2503
1 0.373704 0.876727 0.228057 0.242947
1 0.305085 0.102574 0.188974 0.196517
1 0.908335 0.235418 0.183329 0.268465
