1 0.725282 0.71152 0.187734 0.265393
1 0.430031 0.48563 0.219706 0.258031
1 0.706109 0.40164 0.201155 0.282471
1 0.171083 0.606926 0.21526 0.272492
1 0.332577 0.75585 0.19612 0.259139
1 0.665492 0.886194 0.183675 0.225172
2 0.544387 0.7161 0.254827 0.332402
1 0.189153 0.380429 0.205658 0.283458
1 0.406493 0.258823 0.219186 0.28885
1 0.550807 0.275201 0.176146 0.246788
1 0.797358 0.880796 0.163751 0.234635
1 0.104228 0.178626 0.191218 0.274298
1 0.174153 0.82032 0.185892 0.213118
1 0.254337 0.35102 0.19617 0.266842
