1 0.617073 0.826541 0.177967 0.227101
1 0.768494 0.828783 0.174443 0.240873
1 0.221392 0.615147 0.250495 0.26234
1 0.678393 0.603427 0.214414 0.294025
2 0.57902 0.249293 0.283209 0.393961
1 0.376693 0.161113 0.208672 0.264691
1 0.792781 0.428941 0.216231 0.283652
1 0.5056 0.583578 0.178968 0.231839
1 0.0695275 0.452218 0.139055 0.27673
1 0.069953 0.775928 0.139906 0.237695
0 0.518184 0.396888 0.0766985 0.0947438
1 0.753333 0.117205 0.176703 0.234409
1 0.228273 0.41518 0.217662 0.23586
1 0.457529 0.812126 0.182352 0.234025
1 0.422525 0.70409 0.175324 0.238187
