1 0.560241 0.492411 0.209713 0.26267
1 0.232253 0.379491 0.174656 0.257205
1 0.785857 0.27322 0.214038 0.259285
1 0.307988 0.674484 0.20106 0.276158
1 0.801309 0.501992 0.215186 0.282546
1 0.260225 0.168096 0.183142 0.251331
1 0.483841 0.735722 0.187134 0.25209
2 0.401432 0.295119 0.241671 0.331706
1 0.616062 0.70553 0.224596 0.279613
1 0.599103 0.192511 0.203969 0.257984
1 0.914057 0.655526 0.167054 0.285478
1 0.895924 0.883628 0.165354 0.23163
0 0.0151324 0.803869 0.030009 0.120202
1 0.717279 0.858202 0.216831 0.256096
