1 0.32627 0.761314 0.208545 0.278963
2 0.826899 0.641639 0.310868 0.449039
1 0.307425 0.404803 0.225923 0.279195
1 0.1626 0.552633 0.233546 0.301776
1 0.508097 0.314711 0.186163 0.29037
1 0.639874 0.134877 0.197623 0.258798
1 0.701277 0.821569 0.19514 0.230087
1 0.257851 0.23456 0.220612 0.270848
1 0.469478 0.597746 0.203952 0.306196
1 0.0933266 0.177568 0.186653 0.265209
1 0.827862 0.286891 0.167943 0.31167
1 0.0707315 0.805986 0.141 0.261456
1 0.151404 0.783586 0.204984 0.268661
1 0.0473658 0.344945 0.0947137 0.28904
1 0.15394 0.356106 0.168551 0.242083
