1 0.792759 0.141837 0.251019 0.283675
1 0.409972 0.363317 0.223826 0.293354
2 0.592279 0.668662 0.23894 0.325031
1 0.182763 0.423877 0.217567 0.260451
1 0.895346 0.42973 0.197688 0.275005
1 0.268222 0.769553 0.234384 0.276326
1 0.837776 0.596291 0.199865 0.25909
1 0.281408 0.272131 0.2533 0.257684
1 0.958744 0.735925 0.0821856 0.315934
1 0.962008 0.455028 0.0756328 0.305295
1 0.128127 0.214827 0.220008 0.288191
1 0.758898 0.681518 0.17061 0.274461
1 0.128081 0.600979 0.145088 0.25761
1 0.424131 0.816157 0.21486 0.25283
