1 0.507781 0.406681 0.20967 0.253972
1 0.84259 0.437346 0.183558 0.267592
1 0.724217 0.168391 0.208289 0.279135
1 0.320522 0.676552 0.216923 0.25232
1 0.511369 0.711393 0.196305 0.255799
1 0.854015 0.64662 0.184602 0.267043
2 0.68862 0.548518 0.238568 0.324884
1 0.417626 0.213209 0.229866 0.259622
1 0.752277 0.807822 0.18109 0.203956
1 0.546974 0.143652 0.172372 0.237689
1 0.133854 0.343712 0.170845 0.290778
1 0.391351 0.86693 0.186134 0.182556
1 0.28172 0.458639 0.230714 0.281203
1 0.294485 0.113546 0.21813 0.227092
1 0.977306 0.202348 0.0453626 0.297393
1 0.302208 0.393621 0.213483 0.254149
1 0.966425 0.430332 0.0671497 0.287357
