1 0.390385 0.429152 0.192568 0.299455
1 0.796996 0.117992 0.224436 0.235983
1 0.915457 0.288339 0.169087 0.263235
2 0.851722 0.6909 0.217686 0.277655
1 0.814925 0.464729 0.26047 0.277633
0 0.249443 0.400838 0.0792872 0.100975
1 0.510183 0.309473 0.174681 0.221673
1 0.111754 0.438799 0.16549 0.245617
1 0.530197 0.506874 0.196044 0.243036
1 0.958385 0.69371 0.0832256 0.26108
0 0.570969 0.178593 0.0667719 0.0832825
1 0.236878 0.897208 0.177302 0.201685
1 0.162512 0.565003 0.195997 0.255029
1 0.95168 0.393127 0.0966408 0.259306
