1 0.86297 0.89693 0.218256 0.2023
1 0.838423 0.602651 0.197882 0.27908
1 0.735076 0.22844 0.182908 0.24715
1 0.459659 0.420245 0.190393 0.235837
0 0.729812 0.518741 0.0928988 0.13318
1 0.910235 0.250271 0.177808 0.266877
1 0.569211 0.673006 0.204332 0.266105
0 0.684547 0.90323 0.169294 0.172201
2 0.683582 0.903615 0.187703 0.187076
1 0.373914 0.724298 0.23246 0.284852
1 0.242957 0.59163 0.223107 0.255478
0 0.642924 0.820427 0.0619751 0.0786552
1 0.157837 0.235134 0.192347 0.215318
1 0.943634 0.678492 0.112341 0.288756
