1 0.832245 0.555938 0.22344 0.298555
1 0.922528 0.345319 0.154943 0.273833
1 0.765085 0.795598 0.183305 0.237115
2 0.739809 0.227614 0.291919 0.390388
1 0.366522 0.690675 0.258949 0.272575
1 0.183975 0.580585 0.197851 0.270068
1 0.915282 0.755473 0.169259 0.258256
1 0.659686 0.579034 0.184683 0.239153
1 0.192595 0.887598 0.176699 0.221199
1 0.535493 0.18559 0.208845 0.277162
1 0.200895 0.283638 0.184064 0.251587
1 0.603814 0.822741 0.18722 0.233697
1 0.440202 0.878237 0.201733 0.201075
0 0.67358 0.384755 0.0771718 0.0978906
