1 0.352782 0.699893 0.210669 0.289581
2 0.843747 0.591123 0.312505 0.448766
1 0.299065 0.341203 0.226552 0.281715
1 0.490348 0.256769 0.189308 0.294521
1 0.737172 0.773012 0.19657 0.232064
1 0.237126 0.168798 0.228115 0.278666
1 0.0871325 0.744978 0.173774 0.257947
1 0.602756 0.10518 0.199752 0.204821
1 0.816542 0.233068 0.183269 0.320453
1 0.47981 0.538079 0.212945 0.310803
1 0.173102 0.485138 0.252442 0.31225
1 0.182904 0.726463 0.207621 0.26717
1 0.0395091 0.268411 0.0789755 0.301124
1 0.0771169 0.122594 0.154234 0.244126
