1 0.291959 0.459468 0.196959 0.259332
1 0.119597 0.50323 0.22178 0.333397
1 0.282455 0.147443 0.200329 0.28016
1 0.513667 0.586134 0.214049 0.264031
1 0.525404 0.356981 0.24944 0.29859
1 0.677258 0.15795 0.226657 0.272848
1 0.818872 0.552353 0.226862 0.295809
1 0.776912 0.332623 0.245761 0.301875
1 0.486666 0.117847 0.208756 0.235694
1 0.0552307 0.799166 0.110461 0.22261
1 0.606476 0.796871 0.296458 0.390461
2 0.604386 0.796355 0.296485 0.397747
1 0.957295 0.396551 0.085355 0.290198
1 0.344644 0.69536 0.202977 0.264478
