1 0.902991 0.610046 0.194019 0.271274
1 0.161751 0.219758 0.199231 0.266468
1 0.820869 0.377636 0.223043 0.287299
1 0.474478 0.675608 0.21096 0.29074
2 0.688909 0.668463 0.296082 0.41065
1 0.922196 0.21101 0.155528 0.259732
1 0.648341 0.325567 0.184967 0.239291
1 0.843661 0.882266 0.185518 0.234705
1 0.361873 0.162381 0.25829 0.286016
1 0.7816 0.135932 0.191541 0.252572
1 0.955773 0.895289 0.0881066 0.206936
1 0.204748 0.645024 0.200831 0.252224
1 0.148015 0.509701 0.201922 0.262941
1 0.620154 0.103983 0.182714 0.203571
