1 0.262529 0.295184 0.208407 0.271712
1 0.648791 0.769996 0.221754 0.267395
1 0.472934 0.515523 0.216209 0.26058
1 0.131687 0.575965 0.191186 0.270396
1 0.457383 0.827135 0.1974 0.261344
1 0.691523 0.518775 0.250992 0.325517
2 0.278302 0.68183 0.242228 0.329073
1 0.113646 0.787221 0.183294 0.266499
1 0.574404 0.314138 0.23436 0.278263
1 0.445087 0.259627 0.175811 0.248205
1 0.208198 0.917625 0.190253 0.162283
1 0.850862 0.418269 0.176673 0.30084
1 0.673472 0.488218 0.213035 0.264719
1 0.700196 0.179989 0.219335 0.247429
1 0.887409 0.172182 0.174716 0.247902
