1 0.296145 0.762824 0.212664 0.279857
2 0.801467 0.665586 0.299334 0.431764
1 0.296569 0.412156 0.228623 0.282915
1 0.642281 0.15126 0.19859 0.255888
1 0.145633 0.550823 0.233622 0.306296
1 0.500168 0.326038 0.197713 0.29923
1 0.252701 0.236271 0.216793 0.271412
1 0.671349 0.840809 0.19488 0.229065
1 0.445482 0.605799 0.206885 0.31018
1 0.126011 0.787395 0.193442 0.27061
1 0.0942061 0.177466 0.188412 0.265464
1 0.820897 0.308854 0.158382 0.316551
1 0.145496 0.355404 0.173817 0.247302
1 0.0533591 0.80285 0.106718 0.270633
