1 0.479055 0.76355 0.206419 0.272362
1 0.67529 0.784619 0.226253 0.257623
1 0.274231 0.150021 0.204991 0.265954
1 0.490238 0.456539 0.217708 0.271505
1 0.14791 0.381201 0.189763 0.264647
1 0.585575 0.294794 0.234719 0.265028
1 0.457719 0.190997 0.180775 0.264767
1 0.686234 0.507341 0.2066 0.264299
2 0.299289 0.547819 0.254501 0.345969
1 0.898135 0.282714 0.180657 0.270215
1 0.134921 0.584667 0.185611 0.268326
1 0.871164 0.52613 0.179365 0.30713
1 0.235568 0.787694 0.189069 0.223076
1 0.709196 0.214144 0.227361 0.279473
1 0.729893 0.595146 0.220083 0.274099
