1 0.802824 0.892628 0.222444 0.212243
1 0.369899 0.623662 0.194259 0.291062
2 0.80918 0.337733 0.224661 0.288647
1 0.0902456 0.626017 0.164991 0.245705
1 0.906164 0.730389 0.184998 0.271071
1 0.139552 0.496037 0.212048 0.265609
0 0.235573 0.6576 0.0809257 0.105292
1 0.495324 0.729194 0.176836 0.231647
1 0.939915 0.61776 0.119575 0.237701
1 0.793338 0.5572 0.250642 0.287193
1 0.652634 0.623221 0.190669 0.272048
0 0.568881 0.860172 0.0719662 0.0930257
1 0.118167 0.823604 0.20447 0.202655
1 0.251892 0.82841 0.188727 0.258742
