1 0.7376 0.284654 0.196552 0.27888
1 0.194304 0.229639 0.184533 0.26383
2 0.32868 0.60998 0.219441 0.279539
0 0.866724 0.23867 0.0736954 0.0949608
1 0.336564 0.363837 0.251881 0.266084
1 0.935614 0.421563 0.128772 0.318473
1 0.163097 0.644691 0.176542 0.267201
1 0.607242 0.182181 0.192779 0.241539
1 0.959166 0.624398 0.081557 0.289489
1 0.715286 0.665546 0.216931 0.303222
1 0.277279 0.0802342 0.215363 0.160468
1 0.95243 0.751139 0.0949844 0.248817
1 0.459817 0.309233 0.193193 0.240304
1 0.968242 0.24999 0.0634569 0.264538
