1 0.279004 0.858795 0.205067 0.24159
1 0.751128 0.83495 0.219482 0.308684
1 0.409325 0.653857 0.224037 0.307404
2 0.17055 0.63058 0.266867 0.355341
1 0.591342 0.570448 0.196454 0.266056
1 0.760721 0.367938 0.231948 0.322561
1 0.437102 0.284495 0.232673 0.352249
1 0.137202 0.115422 0.218983 0.230845
1 0.524598 0.876363 0.186541 0.245321
1 0.446596 0.879586 0.178785 0.239752
1 0.949735 0.33698 0.100319 0.310327
1 0.0451747 0.415089 0.0903225 0.306753
1 0.627231 0.352709 0.254836 0.351388
0 0.146588 0.546929 0.134683 0.152623
1 0.0323049 0.772302 0.0645976 0.260862
