2 0.83552 0.340921 0.222504 0.285651
1 0.833335 0.895972 0.217387 0.202861
1 0.394392 0.638365 0.195901 0.295777
1 0.921403 0.733391 0.157062 0.273578
1 0.11347 0.650701 0.167507 0.246287
1 0.165229 0.520243 0.209228 0.260284
0 0.261851 0.67828 0.0768091 0.0951946
1 0.520712 0.744291 0.181976 0.222323
1 0.144594 0.847006 0.203293 0.199007
1 0.271975 0.849073 0.177411 0.249528
1 0.814206 0.563119 0.255622 0.287893
0 0.596983 0.870595 0.0673622 0.0885525
1 0.954655 0.616094 0.0903702 0.239611
1 0.678302 0.634227 0.19497 0.276385
1 0.524796 0.546014 0.198852 0.263232
1 0.193456 0.173342 0.16842 0.234522
1 0.951148 0.324259 0.097684 0.289633
