1 0.316783 0.573737 0.194217 0.271558
1 0.65213 0.521633 0.212209 0.266292
1 0.757134 0.687992 0.231788 0.267108
1 0.637782 0.782491 0.183082 0.261236
1 0.813518 0.204249 0.214898 0.247949
1 0.453451 0.809558 0.215292 0.280402
1 0.881862 0.402611 0.209209 0.281044
2 0.450918 0.418755 0.259251 0.337785
1 0.289987 0.368092 0.185013 0.273087
1 0.61881 0.220153 0.207474 0.267214
1 0.970989 0.504464 0.0580223 0.327021
1 0.885851 0.780383 0.223834 0.277876
1 0.842686 0.482834 0.190701 0.244694
1 0.373646 0.180855 0.193904 0.230043
