1 0.56122 0.885485 0.190957 0.22903
1 0.236613 0.724429 0.213381 0.273008
1 0.337823 0.345633 0.192258 0.260146
1 0.405853 0.880716 0.203667 0.238568
1 0.156317 0.509531 0.280006 0.32528
1 0.788511 0.619025 0.220824 0.274492
1 0.548142 0.21771 0.228292 0.275945
1 0.155734 0.934335 0.1924 0.128301
0 0.78633 0.806583 0.175421 0.181986
1 0.686471 0.443819 0.230791 0.292254
1 0.839626 0.325942 0.282006 0.324302
1 0.957962 0.472716 0.0840753 0.301711
1 0.926198 0.621116 0.147605 0.266622
1 0.972878 0.719118 0.0542236 0.294281
