1 0.249593 0.493458 0.191186 0.266959
1 0.394896 0.247015 0.207638 0.277508
1 0.744458 0.824821 0.225133 0.258669
1 0.58669 0.520361 0.215042 0.257765
1 0.935191 0.529885 0.129618 0.313484
1 0.574494 0.25992 0.180369 0.26579
1 0.552931 0.827173 0.197064 0.256174
1 0.695386 0.347141 0.23625 0.271841
2 0.38904 0.637035 0.244077 0.335318
1 0.222911 0.700643 0.178797 0.259364
1 0.827387 0.244566 0.218411 0.272519
1 0.799243 0.573032 0.240294 0.315799
1 0.959062 0.302271 0.0818622 0.300283
1 0.807928 0.618448 0.230533 0.286132
1 0.30775 0.885006 0.189759 0.220549
