1 0.887411 0.666213 0.205512 0.276845
1 0.14118 0.437048 0.225708 0.297519
1 0.737601 0.456375 0.258661 0.274345
1 0.2959 0.31263 0.2243 0.291446
2 0.320336 0.679911 0.300926 0.415254
1 0.499837 0.841625 0.21542 0.28099
1 0.124416 0.761135 0.17765 0.244609
1 0.921459 0.355051 0.157082 0.248159
1 0.458502 0.386386 0.186294 0.242185
1 0.396485 0.117929 0.185101 0.235859
1 0.239454 0.0946475 0.18618 0.188433
1 0.0370567 0.690479 0.0741134 0.269561
1 0.69673 0.651964 0.223534 0.250929
1 0.545404 0.181173 0.181183 0.25756
