1 0.501734 0.536343 0.219965 0.264581
1 0.839029 0.412411 0.187392 0.270248
1 0.300832 0.321001 0.223787 0.269661
1 0.491885 0.234781 0.206298 0.270363
2 0.677542 0.335653 0.246644 0.32796
1 0.731152 0.710657 0.203175 0.291449
1 0.258301 0.546328 0.208887 0.267784
1 0.548273 0.778813 0.18658 0.252572
1 0.433948 0.73451 0.188268 0.24377
1 0.129273 0.713652 0.164864 0.285124
1 0.840562 0.202596 0.183516 0.262972
1 0.303431 0.602898 0.206788 0.256438
1 0.978803 0.598617 0.0423154 0.300061
1 0.732073 0.0960511 0.196499 0.191198
1 0.295411 0.889075 0.216952 0.217795
