1 0.865497 0.826342 0.211726 0.284349
1 0.620663 0.171502 0.182919 0.248963
1 0.791603 0.505429 0.204957 0.28135
1 0.543373 0.655364 0.185595 0.255893
0 0.662553 0.453117 0.0918153 0.131281
1 0.383422 0.431525 0.186119 0.244624
1 0.159711 0.880734 0.27732 0.233198
1 0.787082 0.154592 0.206284 0.292598
0 0.635008 0.766781 0.0673789 0.0823917
0 0.695624 0.854287 0.178149 0.186196
2 0.694237 0.846689 0.193787 0.22634
1 0.352338 0.74397 0.236873 0.285599
1 0.203078 0.65472 0.222013 0.267477
1 0.921478 0.551253 0.157043 0.263222
