1 0.511442 0.77369 0.211407 0.283739
1 0.689366 0.615251 0.240883 0.295194
1 0.374578 0.276032 0.183583 0.304042
1 0.386086 0.572553 0.207764 0.302803
1 0.780136 0.892067 0.19551 0.212507
2 0.0884696 0.493486 0.176445 0.444408
1 0.0693014 0.151112 0.138603 0.298137
1 0.565685 0.423474 0.228659 0.305753
1 0.675602 0.857244 0.204341 0.277929
1 0.125516 0.717207 0.210595 0.239053
1 0.626415 0.281577 0.225179 0.290503
1 0.746707 0.867292 0.259021 0.256436
1 0.253166 0.0961156 0.197603 0.192231
0 0.054814 0.387733 0.107415 0.188241
