1 0.437645 0.821959 0.200989 0.26688
1 0.633776 0.216443 0.209959 0.280234
1 0.322652 0.357101 0.234634 0.267642
1 0.242675 0.851597 0.216023 0.263738
1 0.760884 0.44675 0.188289 0.26461
1 0.419333 0.514441 0.217307 0.268877
1 0.451496 0.250914 0.183821 0.258997
1 0.681865 0.85106 0.183943 0.220308
2 0.611452 0.605822 0.247034 0.333002
1 0.065029 0.568969 0.129799 0.284404
1 0.199012 0.276828 0.230751 0.281619
1 0.0481709 0.339438 0.0963418 0.267451
1 0.182735 0.649537 0.211719 0.286483
1 0.223995 0.563309 0.208444 0.258214
1 0.77804 0.648348 0.190808 0.277453
