1 0.652133 0.481443 0.201629 0.295162
1 0.251125 0.411872 0.193019 0.277836
1 0.86604 0.62495 0.218248 0.286728
1 0.751514 0.861155 0.201395 0.257628
2 0.449598 0.386489 0.280993 0.32164
1 0.294315 0.561276 0.203105 0.245622
1 0.892484 0.154638 0.168772 0.244488
1 0.279755 0.155281 0.194771 0.25505
1 0.90065 0.90847 0.175145 0.178263
1 0.0394565 0.372763 0.078913 0.301526
1 0.112095 0.877491 0.203155 0.202167
1 0.83368 0.358221 0.173764 0.239259
1 0.121091 0.211185 0.180537 0.254775
1 0.700657 0.352686 0.184418 0.249355
