1 0.294854 0.846906 0.285025 0.302051
1 0.140512 0.357219 0.19106 0.24914
1 0.508608 0.231354 0.199054 0.248139
1 0.294438 0.582034 0.211697 0.278297
1 0.713988 0.8916 0.223147 0.213328
1 0.889935 0.648135 0.220131 0.343058
1 0.49583 0.888127 0.191126 0.222857
1 0.919812 0.301621 0.160376 0.229255
1 0.783632 0.383965 0.201805 0.287024
1 0.965359 0.410197 0.0692763 0.296208
1 0.746714 0.614037 0.196111 0.276841
1 0.9386 0.153296 0.122497 0.253659
0 0.70572 0.135198 0.176284 0.19158
1 0.962789 0.84817 0.0743953 0.295446
0 0.716512 0.168347 0.174658 0.21149
