1 0.698275 0.17869 0.206262 0.271483
1 0.464349 0.390293 0.210981 0.248856
1 0.450242 0.69327 0.196394 0.258527
1 0.802275 0.461716 0.187275 0.267077
1 0.262419 0.642407 0.216095 0.249813
1 0.521692 0.134942 0.167242 0.23669
2 0.635444 0.554286 0.243872 0.322992
1 0.387077 0.186257 0.229152 0.272378
1 0.797752 0.665695 0.185333 0.266341
1 0.0993938 0.284979 0.168144 0.2884
1 0.959982 0.251928 0.0800364 0.261064
1 0.682261 0.817548 0.178897 0.205398
1 0.230126 0.413158 0.218379 0.28111
1 0.319839 0.833902 0.181745 0.176627
1 0.248101 0.363449 0.232843 0.25809
