1 0.822965 0.876487 0.226076 0.247025
1 0.406082 0.581765 0.195558 0.292611
2 0.865795 0.30143 0.217934 0.277856
1 0.924306 0.704841 0.151388 0.273534
1 0.185744 0.445273 0.203796 0.262489
1 0.125937 0.574932 0.168262 0.247993
1 0.52723 0.690039 0.175962 0.221632
0 0.270269 0.607243 0.0784767 0.102492
1 0.1397 0.771787 0.191089 0.205747
1 0.691223 0.590499 0.205488 0.29349
1 0.835198 0.519779 0.257703 0.289453
0 0.594105 0.820893 0.0699436 0.0882338
1 0.958924 0.587836 0.0820941 0.244878
1 0.272159 0.782872 0.184402 0.253946
