1 0.616791 0.571063 0.198579 0.269542
1 0.895675 0.800136 0.208156 0.271754
1 0.893782 0.468422 0.206368 0.281575
1 0.516655 0.322326 0.190684 0.243635
0 0.783101 0.388488 0.0903678 0.125213
1 0.415955 0.633522 0.233814 0.289803
0 0.685869 0.703306 0.066237 0.0813818
2 0.720868 0.789789 0.205312 0.235507
1 0.797407 0.1161 0.195095 0.229874
1 0.31905 0.885523 0.288075 0.224055
1 0.944298 0.124638 0.111173 0.249275
1 0.216274 0.158114 0.188298 0.21289
1 0.880656 0.130307 0.223829 0.260613
1 0.945183 0.549349 0.10924 0.335766
1 0.291497 0.513226 0.243169 0.264723
