1 0.352053 0.351893 0.232601 0.268
1 0.662351 0.244316 0.214539 0.288214
1 0.434319 0.522824 0.216494 0.264965
1 0.241476 0.83875 0.217446 0.249918
1 0.777603 0.485975 0.193591 0.266528
1 0.435609 0.830406 0.200014 0.262864
1 0.477367 0.257252 0.187008 0.254212
1 0.238508 0.552756 0.205451 0.257177
2 0.620555 0.631868 0.243953 0.337871
1 0.075709 0.54368 0.151073 0.287238
1 0.675308 0.883683 0.184341 0.224568
1 0.0649386 0.310268 0.129608 0.263308
1 0.192859 0.642245 0.207164 0.26799
1 0.780331 0.691255 0.189236 0.269899
1 0.23072 0.253803 0.22861 0.284112
