1 0.224718 0.401826 0.201081 0.268254
1 0.326657 0.627441 0.190296 0.241483
2 0.802749 0.603586 0.375627 0.447359
1 0.364474 0.278396 0.175759 0.246806
1 0.380932 0.848429 0.188864 0.233339
1 0.904558 0.340286 0.177755 0.25496
1 0.838158 0.228622 0.194293 0.272167
1 0.0944095 0.766991 0.157046 0.264792
0 0.510593 0.186865 0.128641 0.156846
1 0.677144 0.241851 0.225012 0.332205
1 0.969881 0.554648 0.0602381 0.284841
1 0.197369 0.105977 0.187586 0.211954
1 0.225185 0.874315 0.185155 0.180206
1 0.356466 0.0892349 0.179239 0.176278
