1 0.742688 0.267082 0.199262 0.278301
1 0.771996 0.570005 0.189577 0.264553
1 0.471352 0.40153 0.21423 0.25807
1 0.216618 0.57383 0.210561 0.273197
1 0.441572 0.181987 0.22172 0.282774
2 0.59262 0.61393 0.252877 0.333124
1 0.227341 0.787534 0.174458 0.198714
1 0.719771 0.775135 0.185696 0.260601
1 0.386005 0.693201 0.20328 0.26326
1 0.586974 0.171489 0.174369 0.244233
1 0.226301 0.35334 0.205881 0.27181
1 0.288995 0.302794 0.198113 0.26579
1 0.576366 0.884773 0.181987 0.225352
1 0.965172 0.441439 0.0696557 0.28444
1 0.137044 0.170949 0.19769 0.287562
