1 0.250601 0.737005 0.206636 0.278491
1 0.928735 0.394722 0.142531 0.275785
1 0.523274 0.306622 0.207914 0.287731
1 0.880775 0.854872 0.181638 0.242389
1 0.454199 0.810286 0.252628 0.271588
2 0.733719 0.308384 0.298925 0.400176
1 0.892228 0.614309 0.215543 0.290412
1 0.726799 0.659066 0.178416 0.234828
1 0.25889 0.324015 0.197317 0.256942
1 0.971996 0.800932 0.0559867 0.286523
1 0.724253 0.893234 0.187975 0.211374
1 0.20937 0.450371 0.197794 0.26377
1 0.428562 0.615181 0.219309 0.248484
1 0.868788 0.115646 0.177737 0.230867
1 0.965153 0.112203 0.0696603 0.224406
