1 0.446659 0.269309 0.208131 0.280544
1 0.650043 0.512466 0.213309 0.261835
1 0.315263 0.532944 0.195501 0.267426
1 0.822414 0.785499 0.223736 0.253119
1 0.631303 0.820787 0.196534 0.256925
1 0.751082 0.321084 0.235819 0.2729
1 0.627629 0.250389 0.177611 0.250822
2 0.456555 0.656647 0.247366 0.337693
1 0.292012 0.742625 0.18355 0.267804
1 0.859213 0.508336 0.230475 0.269994
1 0.882867 0.204979 0.220625 0.251581
1 0.385538 0.899816 0.188693 0.198515
1 0.875279 0.550306 0.230296 0.323963
1 0.969061 0.451948 0.0618789 0.349402
