1 0.63466 0.453453 0.216267 0.264139
1 0.363387 0.364176 0.203246 0.286587
1 0.884331 0.583243 0.212416 0.28025
1 0.322055 0.671386 0.181401 0.263389
1 0.371344 0.868864 0.193664 0.254866
1 0.708436 0.726694 0.210095 0.264452
1 0.670123 0.227269 0.223187 0.29705
1 0.873293 0.351185 0.221296 0.279484
2 0.498354 0.691147 0.26462 0.32899
1 0.94334 0.161002 0.11241 0.290052
1 0.530917 0.242233 0.179282 0.247981
1 0.512695 0.917748 0.186537 0.162716
1 0.867811 0.799325 0.192421 0.218382
1 0.822586 0.318896 0.199054 0.257019
