1 0.764147 0.557949 0.209157 0.276249
1 0.788599 0.870221 0.186821 0.250873
1 0.624641 0.706606 0.182535 0.261004
2 0.196805 0.438115 0.388769 0.464983
1 0.661232 0.347287 0.191015 0.247142
1 0.0863921 0.728904 0.172309 0.269803
1 0.311713 0.787271 0.236138 0.340538
1 0.918299 0.82729 0.163402 0.239427
1 0.631666 0.900926 0.181924 0.194639
0 0.470407 0.82246 0.135282 0.171234
1 0.604824 0.134156 0.194556 0.241777
1 0.148409 0.824722 0.199672 0.270703
1 0.0222184 0.541433 0.0444367 0.29836
1 0.891196 0.178661 0.159934 0.25973
