1 0.200394 0.351811 0.200043 0.276204
1 0.462982 0.489308 0.217471 0.25709
1 0.705787 0.664339 0.216633 0.27639
1 0.145633 0.651671 0.176107 0.25661
1 0.52753 0.778581 0.199602 0.260025
1 0.700294 0.443249 0.22467 0.282862
1 0.504992 0.272274 0.223838 0.291056
2 0.320545 0.701417 0.25229 0.322971
1 0.365681 0.260624 0.174205 0.244977
1 0.186199 0.863778 0.189283 0.256258
1 0.678871 0.875691 0.188609 0.205328
1 0.650529 0.39312 0.198505 0.263311
1 0.323762 0.927852 0.179717 0.141216
1 0.807226 0.267177 0.184564 0.288734
1 0.677775 0.414098 0.199435 0.287639
1 0.590575 0.114429 0.225181 0.228858
1 0.067789 0.820037 0.134692 0.304627
