1 0.338559 0.448685 0.234005 0.265531
1 0.642647 0.267629 0.20989 0.28353
1 0.453634 0.590028 0.214342 0.268717
1 0.495278 0.874834 0.204331 0.250332
1 0.793377 0.467941 0.196413 0.267999
1 0.464197 0.32671 0.180294 0.253435
1 0.304004 0.901645 0.215553 0.192089
2 0.651988 0.652046 0.25385 0.339758
1 0.0826707 0.709077 0.163683 0.302612
1 0.82417 0.666277 0.192448 0.276948
1 0.054686 0.479576 0.109372 0.271882
1 0.226297 0.757037 0.21432 0.287296
1 0.746227 0.879569 0.183545 0.222238
1 0.262821 0.662562 0.201084 0.254184
