1 0.399407 0.167224 0.207792 0.275742
1 0.260791 0.388675 0.194691 0.263086
1 0.577201 0.775067 0.198677 0.264545
1 0.768685 0.805152 0.219712 0.253964
1 0.600785 0.473376 0.216888 0.2689
1 0.704753 0.31556 0.23385 0.272404
1 0.237324 0.591206 0.17847 0.26823
2 0.403248 0.552217 0.247446 0.344252
1 0.580929 0.212791 0.185944 0.263163
1 0.945693 0.541537 0.107709 0.29342
1 0.800627 0.528994 0.218518 0.266518
1 0.328341 0.797489 0.185571 0.217115
1 0.966613 0.311283 0.0667738 0.295363
1 0.829353 0.620219 0.224475 0.262398
1 0.833956 0.237928 0.223387 0.273983
