1 0.825646 0.260446 0.211904 0.308423
1 0.460455 0.367638 0.21586 0.315201
1 0.437694 0.703228 0.218491 0.290563
1 0.368245 0.138893 0.199276 0.230449
1 0.94812 0.806575 0.102886 0.293954
1 0.108389 0.854013 0.204651 0.26872
1 0.632952 0.481483 0.201084 0.269968
1 0.93916 0.394871 0.12168 0.315984
1 0.614877 0.167008 0.186358 0.244782
1 0.535219 0.146152 0.170089 0.234154
1 0.752303 0.715655 0.238402 0.314974
2 0.213729 0.33182 0.269572 0.355525
1 0.642333 0.712641 0.277407 0.334449
1 0.955481 0.117928 0.0890284 0.235856
1 0.060239 0.505021 0.108078 0.280895
