1 0.210789 0.450648 0.201712 0.274762
1 0.391975 0.340297 0.258083 0.281399
2 0.775495 0.759577 0.293868 0.428
1 0.853475 0.440628 0.220879 0.292989
1 0.935503 0.643405 0.128994 0.297797
1 0.922918 0.238066 0.153928 0.247621
1 0.572371 0.828002 0.220247 0.283357
1 0.7786 0.204403 0.189928 0.237355
1 0.681959 0.424867 0.184087 0.233096
1 0.24188 0.759165 0.199849 0.279179
1 0.213112 0.133971 0.184251 0.235579
1 0.935098 0.91482 0.129805 0.169013
1 0.621311 0.181891 0.182834 0.237843
1 0.407297 0.55252 0.231688 0.260384
