1 0.16448 0.436134 0.174529 0.261472
1 0.725398 0.40729 0.217037 0.277819
1 0.459686 0.595612 0.215095 0.261337
1 0.475946 0.819997 0.214405 0.286197
1 0.55673 0.298374 0.211347 0.270694
1 0.181786 0.7397 0.197002 0.281254
1 0.230618 0.230498 0.19309 0.26348
1 0.337333 0.829367 0.174104 0.249073
1 0.699997 0.634942 0.227048 0.285772
2 0.345141 0.379134 0.262495 0.337409
1 0.723314 0.196582 0.193813 0.214474
1 0.787729 0.81071 0.197972 0.291358
1 0.0960287 0.267656 0.16504 0.265477
1 0.634097 0.674039 0.182435 0.26693
