1 0.166366 0.404323 0.18585 0.265819
1 0.505359 0.451362 0.207683 0.265042
1 0.689827 0.18606 0.221651 0.270348
1 0.284258 0.675507 0.204801 0.282217
2 0.317978 0.288598 0.243406 0.332959
1 0.470077 0.703934 0.179151 0.253858
1 0.159224 0.188194 0.178682 0.262092
1 0.900258 0.767263 0.166024 0.239238
1 0.595266 0.64598 0.229296 0.266626
1 0.737915 0.408161 0.224793 0.291046
1 0.4943 0.142173 0.207462 0.261882
1 0.878007 0.5294 0.172958 0.28923
1 0.0343271 0.646195 0.0686541 0.292491
0 0.0163716 0.870617 0.0324302 0.108217
1 0.0412313 0.431056 0.0824309 0.259783
