1 0.545922 0.879965 0.193352 0.240071
1 0.156436 0.835926 0.180086 0.238039
1 0.272267 0.591845 0.214613 0.263139
1 0.427804 0.24182 0.184042 0.257879
1 0.237265 0.342461 0.269282 0.297085
1 0.646365 0.185496 0.221976 0.269674
1 0.88111 0.398268 0.23778 0.332204
1 0.801653 0.677032 0.216959 0.289045
0 0.763969 0.87746 0.157623 0.189767
1 0.963942 0.854372 0.071893 0.254034
1 0.93341 0.190912 0.133179 0.376853
2 0.77225 0.879483 0.20783 0.234869
1 0.742008 0.464567 0.230037 0.274448
1 0.968198 0.622833 0.0635852 0.329693
