1 0.205959 0.828707 0.224183 0.286047
1 0.161686 0.594354 0.195659 0.285932
1 0.925154 0.57842 0.149692 0.286702
2 0.366544 0.235453 0.209984 0.285717
1 0.68436 0.641344 0.23351 0.29942
1 0.558822 0.717735 0.189465 0.230226
0 0.821017 0.719603 0.073859 0.0966319
1 0.888666 0.900617 0.218544 0.196375
1 0.612346 0.508729 0.194368 0.237913
1 0.940245 0.726862 0.119101 0.249751
1 0.321341 0.456595 0.244616 0.314561
1 0.752527 0.267841 0.225029 0.3055
0 0.442722 0.825344 0.0724622 0.0893821
1 0.204684 0.157703 0.179123 0.284682
