1 0.417988 0.547502 0.212606 0.24885
1 0.207129 0.774785 0.217388 0.264426
1 0.348886 0.338777 0.223039 0.280025
1 0.662531 0.356499 0.207262 0.275045
1 0.485864 0.298136 0.165849 0.237028
1 0.754969 0.651561 0.186511 0.259692
2 0.5852 0.734088 0.239889 0.332908
1 0.17611 0.550285 0.214163 0.285348
1 0.0721996 0.396813 0.144024 0.298414
1 0.392168 0.854283 0.196764 0.275396
1 0.73944 0.859157 0.183148 0.261578
1 0.0721781 0.164143 0.144356 0.251391
1 0.622896 0.941879 0.180658 0.114137
1 0.216144 0.493601 0.213578 0.259072
