1 0.694251 0.468596 0.197476 0.284254
1 0.269655 0.434163 0.252774 0.282293
1 0.259275 0.106293 0.23046 0.212587
2 0.244859 0.652679 0.227033 0.284064
1 0.149157 0.243461 0.189615 0.270485
1 0.578057 0.331077 0.193596 0.23255
1 0.949598 0.534798 0.100459 0.268774
0 0.830525 0.469916 0.0869937 0.105179
1 0.415864 0.400441 0.19116 0.263926
1 0.088169 0.65456 0.175318 0.321125
0 0.497635 0.190021 0.0679192 0.0870548
1 0.901148 0.878758 0.197703 0.242483
1 0.565867 0.517555 0.204029 0.26351
1 0.746888 0.741637 0.273307 0.279484
