1 0.366584 0.235686 0.200016 0.277914
1 0.616978 0.439347 0.204798 0.242781
1 0.288267 0.515604 0.179542 0.2563
1 0.843522 0.680741 0.211397 0.253006
1 0.674701 0.235585 0.224039 0.267643
1 0.659632 0.747047 0.192589 0.251976
1 0.946633 0.314382 0.105933 0.286326
2 0.453965 0.607968 0.240962 0.324964
1 0.859381 0.456787 0.21205 0.265906
1 0.312739 0.725353 0.180493 0.256716
1 0.540148 0.190623 0.17046 0.247486
1 0.811901 0.398145 0.193556 0.248354
1 0.437765 0.870341 0.181521 0.209785
1 0.937271 0.110024 0.12544 0.220047
1 0.801642 0.882537 0.186622 0.183929
