1 0.121465 0.489995 0.18556 0.265292
1 0.456073 0.400204 0.211111 0.256239
1 0.223721 0.206338 0.204304 0.281643
1 0.660787 0.629118 0.220909 0.262303
1 0.472262 0.699178 0.197364 0.258934
2 0.278827 0.581125 0.244431 0.324394
1 0.533666 0.185139 0.225711 0.273216
1 0.682457 0.37984 0.24635 0.320355
1 0.121729 0.701048 0.179923 0.261359
1 0.404086 0.148429 0.170789 0.240005
1 0.236347 0.839132 0.183127 0.209121
1 0.602935 0.828966 0.187385 0.187932
1 0.824862 0.264745 0.168449 0.295366
1 0.655056 0.349094 0.201624 0.262051
