1 0.75208 0.38534 0.248509 0.264693
1 0.922677 0.517472 0.154647 0.266728
1 0.603252 0.851552 0.216215 0.280607
1 0.298273 0.425609 0.219245 0.28601
1 0.186373 0.610918 0.218014 0.273607
2 0.40121 0.764068 0.294034 0.404369
1 0.197247 0.217716 0.181933 0.241277
1 0.230683 0.899883 0.175086 0.196473
1 0.348806 0.200259 0.176754 0.231624
1 0.46779 0.436898 0.180166 0.240646
1 0.854072 0.89901 0.210568 0.199228
1 0.916015 0.820158 0.16797 0.272805
1 0.911278 0.200468 0.177153 0.231731
1 0.508398 0.204072 0.187762 0.242867
