1 0.595985 0.747295 0.220626 0.283982
1 0.484289 0.437835 0.22044 0.282364
1 0.0921038 0.399235 0.182808 0.268113
1 0.856847 0.618468 0.1847 0.268332
2 0.122548 0.873361 0.240048 0.249403
1 0.274611 0.469978 0.211151 0.270458
1 0.418523 0.691787 0.209034 0.29236
1 0.667803 0.46852 0.233349 0.319154
1 0.469348 0.254829 0.208624 0.273405
0 0.209002 0.796726 0.0643703 0.0835404
1 0.0343434 0.66729 0.0686865 0.314135
0 0.402623 0.104886 0.0653964 0.0906073
1 0.171912 0.41412 0.176041 0.266339
1 0.59836 0.30147 0.185946 0.246591
