1 0.283837 0.518174 0.198997 0.254353
1 0.226171 0.208699 0.193944 0.274757
1 0.61444 0.187729 0.214326 0.267843
1 0.520045 0.628672 0.220474 0.261122
1 0.123503 0.580036 0.21019 0.324727
1 0.647545 0.819311 0.295233 0.361379
1 0.424401 0.15109 0.202482 0.250141
2 0.646675 0.81699 0.295229 0.366021
1 0.816161 0.57726 0.222937 0.295037
1 0.946809 0.399531 0.105953 0.29001
1 0.74798 0.359198 0.238774 0.303934
1 0.934358 0.698374 0.130793 0.254367
1 0.498293 0.400681 0.260272 0.301648
1 0.945935 0.555482 0.107944 0.295138
1 0.928611 0.872637 0.142778 0.254726
