1 0.380444 0.299848 0.207773 0.279756
1 0.763022 0.868548 0.221194 0.262904
1 0.57494 0.87185 0.197962 0.2563
1 0.58852 0.566338 0.213128 0.262553
1 0.250216 0.549329 0.192467 0.267937
1 0.684307 0.392532 0.232552 0.273193
1 0.936893 0.557946 0.126213 0.309562
2 0.39683 0.689079 0.241979 0.328967
1 0.560523 0.307524 0.18786 0.262337
1 0.234788 0.763855 0.182217 0.257082
1 0.782908 0.584128 0.209215 0.258931
1 0.812412 0.284567 0.226222 0.277925
1 0.954569 0.32621 0.0908621 0.276676
1 0.818836 0.663534 0.224083 0.272712
1 0.32868 0.915691 0.184656 0.16681
