1 0.669628 0.79363 0.213307 0.286921
1 0.391697 0.18604 0.204496 0.273645
2 0.171249 0.714521 0.307303 0.446649
1 0.709733 0.438716 0.229155 0.288429
1 0.515755 0.359923 0.188892 0.294204
1 0.54253 0.636706 0.1978 0.298751
1 0.768683 0.263037 0.220635 0.280943
1 0.183432 0.3584 0.181571 0.316146
1 0.92315 0.822571 0.153699 0.271407
1 0.847768 0.564014 0.235337 0.309484
1 0.285604 0.883376 0.215902 0.230819
1 0.962325 0.352562 0.0752568 0.283079
1 0.474289 0.886046 0.187324 0.224864
1 0.836982 0.813835 0.199156 0.279834
1 0.924206 0.19171 0.150773 0.26852
