1 0.816525 0.652817 0.224301 0.295453
1 0.189204 0.542465 0.20319 0.271258
1 0.920337 0.47121 0.159325 0.283545
1 0.738738 0.877184 0.189266 0.232223
1 0.548928 0.225007 0.210157 0.276937
1 0.360107 0.692174 0.256173 0.266452
2 0.744647 0.299238 0.28902 0.400356
1 0.893259 0.871828 0.181616 0.245225
1 0.177713 0.859696 0.173475 0.233037
1 0.646574 0.645365 0.185179 0.243101
1 0.920187 0.157322 0.159626 0.236311
1 0.380748 0.490037 0.22013 0.245151
1 0.221149 0.247412 0.191378 0.26239
0 0.673079 0.451264 0.0762323 0.0936625
