1 0.240073 0.551928 0.207446 0.283677
1 0.500678 0.408941 0.176398 0.251612
1 0.385755 0.888605 0.181717 0.218188
1 0.19231 0.232005 0.22321 0.285281
1 0.639077 0.654781 0.185844 0.239275
1 0.841414 0.436387 0.214089 0.263151
0 0.358273 0.616894 0.0863663 0.117681
1 0.210762 0.888367 0.190606 0.219113
0 0.366172 0.212225 0.190172 0.219657
1 0.697133 0.345561 0.236606 0.31503
2 0.36643 0.215721 0.20189 0.23652
1 0.874481 0.196061 0.214807 0.239769
1 0.830759 0.712222 0.204625 0.289402
1 0.95284 0.155031 0.093971 0.309479
