1 0.874643 0.889274 0.17997 0.221453
1 0.788304 0.661265 0.222697 0.293971
1 0.899562 0.509316 0.200877 0.290289
1 0.329964 0.610132 0.251566 0.26951
1 0.156178 0.739414 0.181756 0.241138
2 0.703702 0.295024 0.289139 0.40936
1 0.721019 0.877721 0.183516 0.236727
1 0.150747 0.422997 0.199932 0.2685
1 0.61857 0.620696 0.183865 0.238951
1 0.502107 0.179057 0.202885 0.263712
1 0.878479 0.188499 0.176096 0.250149
1 0.56532 0.847735 0.185904 0.230792
1 0.967603 0.229971 0.0644367 0.300681
1 0.530153 0.724712 0.179226 0.238033
0 0.637437 0.432365 0.0778055 0.0930727
1 0.344658 0.409099 0.213988 0.234674
