1 0.439386 0.291156 0.203604 0.270537
1 0.484804 0.625017 0.218345 0.280603
1 0.318337 0.53297 0.22752 0.322329
2 0.895237 0.231335 0.209004 0.426663
1 0.600912 0.388301 0.200694 0.30099
1 0.859723 0.77433 0.202417 0.259918
1 0.69998 0.651294 0.190775 0.275629
1 0.267041 0.317178 0.202295 0.266305
1 0.193846 0.793126 0.207684 0.267909
1 0.166453 0.332099 0.166822 0.255679
1 0.969365 0.543061 0.0612689 0.31246
1 0.470744 0.815264 0.213498 0.281347
0 0.50827 0.96198 0.078954 0.0745229
1 0.97617 0.740764 0.0475857 0.272465
1 0.306322 0.900206 0.214556 0.195617
1 0.613029 0.175703 0.19889 0.308393
