1 0.21714 0.603068 0.247099 0.267167
1 0.657726 0.708935 0.225737 0.298851
2 0.646277 0.34238 0.296139 0.411651
1 0.0872916 0.398869 0.172049 0.271217
1 0.810569 0.575051 0.221173 0.296654
1 0.839112 0.253687 0.188848 0.246723
1 0.545372 0.89652 0.188243 0.200949
1 0.69914 0.915817 0.192066 0.161371
1 0.468434 0.203142 0.22215 0.275947
1 0.498845 0.650397 0.178521 0.238858
1 0.238077 0.832583 0.196568 0.213847
1 0.399629 0.865296 0.18024 0.243214
1 0.0532569 0.72046 0.106514 0.254053
0 0.551 0.469475 0.0744447 0.0923867
1 0.265252 0.409247 0.220778 0.244926
1 0.390764 0.741038 0.178067 0.231124
