1 0.732659 0.484117 0.197519 0.284394
1 0.114136 0.618237 0.218204 0.292417
1 0.328676 0.506871 0.203619 0.293916
1 0.206935 0.86942 0.209936 0.25995
1 0.414327 0.891073 0.196483 0.216769
2 0.539404 0.432266 0.277301 0.325106
1 0.12064 0.143484 0.178028 0.244575
1 0.721273 0.226515 0.199415 0.258708
0 0.338262 0.853262 0.0790469 0.101514
1 0.0698223 0.902835 0.139447 0.194329
1 0.83847 0.935863 0.193161 0.12527
1 0.289865 0.363737 0.183324 0.241926
1 0.8769 0.300488 0.175008 0.247024
1 0.0952827 0.352504 0.160899 0.246678
