1 0.875456 0.502046 0.215594 0.281047
1 0.11445 0.446553 0.193799 0.266466
1 0.477796 0.756198 0.209471 0.270093
1 0.745951 0.321026 0.217332 0.28117
2 0.673086 0.665633 0.28938 0.413882
1 0.823836 0.113464 0.181026 0.226928
1 0.291683 0.29775 0.250011 0.264421
1 0.956948 0.81506 0.085745 0.289498
1 0.669907 0.105475 0.182325 0.21095
1 0.85319 0.820779 0.177026 0.241444
1 0.150909 0.745159 0.196251 0.264848
1 0.581062 0.335384 0.176596 0.236019
1 0.113641 0.12891 0.181719 0.234631
1 0.0324736 0.518966 0.0649472 0.311442
1 0.227536 0.851144 0.200424 0.25599
