1 0.77711 0.659208 0.187603 0.26685
1 0.222404 0.66244 0.214148 0.272176
1 0.474865 0.48719 0.215336 0.258493
1 0.750747 0.354193 0.202741 0.28218
1 0.447213 0.268753 0.218773 0.285922
1 0.389306 0.776019 0.198519 0.262652
2 0.596485 0.70326 0.250906 0.323549
1 0.590287 0.257639 0.176189 0.250452
1 0.229752 0.442606 0.20276 0.279781
1 0.229967 0.87261 0.187463 0.20588
1 0.295672 0.389426 0.202682 0.261017
1 0.969145 0.52858 0.0617104 0.290584
1 0.721979 0.863353 0.186694 0.262185
1 0.581672 0.926256 0.183465 0.14433
1 0.142327 0.25811 0.200527 0.293409
