1 0.361656 0.29348 0.212355 0.280519
1 0.539764 0.562777 0.210412 0.265031
1 0.205964 0.550876 0.199494 0.271868
1 0.681142 0.859641 0.22773 0.271198
1 0.489977 0.867931 0.201625 0.263014
1 0.661078 0.379373 0.237612 0.273991
1 0.913967 0.545793 0.172065 0.311791
2 0.332535 0.687906 0.244928 0.331693
1 0.160906 0.760448 0.178286 0.267478
1 0.748118 0.591889 0.242749 0.302899
1 0.540079 0.299067 0.173958 0.261728
1 0.94458 0.308672 0.109727 0.280647
1 0.802572 0.272061 0.217977 0.264105
1 0.233507 0.914216 0.191332 0.169364
