1 0.229034 0.613376 0.235533 0.295411
1 0.392354 0.77665 0.216883 0.287264
2 0.872931 0.519422 0.254139 0.455251
1 0.578809 0.279845 0.199242 0.313403
1 0.374293 0.423742 0.233132 0.293883
1 0.111184 0.886487 0.189244 0.226499
1 0.326873 0.26728 0.223742 0.278966
1 0.776835 0.733745 0.195437 0.237327
1 0.216001 0.851041 0.208484 0.281369
1 0.906444 0.163124 0.17494 0.314574
1 0.710877 0.10354 0.200093 0.204446
1 0.148548 0.25029 0.20541 0.277648
1 0.540322 0.57858 0.211172 0.314421
1 0.220575 0.416522 0.176966 0.261063
