1 0.838802 0.499418 0.211541 0.325695
1 0.412381 0.865471 0.194611 0.255157
1 0.467675 0.598303 0.203915 0.319727
2 0.232216 0.749507 0.249413 0.309034
1 0.609832 0.40548 0.199724 0.253623
1 0.647101 0.711499 0.181056 0.249436
1 0.574632 0.769287 0.172295 0.250353
1 0.37734 0.278827 0.229036 0.309086
1 0.695439 0.13079 0.243679 0.261579
1 0.0771144 0.383412 0.154229 0.40236
1 0.11882 0.955545 0.154017 0.0852325
1 0.0734454 0.31218 0.146453 0.255485
1 0.0566537 0.673077 0.113307 0.294242
1 0.978083 0.568746 0.0438181 0.316321
