1 0.875652 0.54302 0.189142 0.277618
1 0.359608 0.223958 0.217744 0.258435
1 0.442796 0.701274 0.227177 0.269801
1 0.537621 0.527248 0.216692 0.269713
1 0.133609 0.762078 0.171738 0.244813
1 0.751165 0.795734 0.200836 0.281625
2 0.724206 0.401159 0.259207 0.360647
1 0.303365 0.428025 0.212294 0.284411
1 0.563584 0.783916 0.185973 0.252048
1 0.55022 0.220904 0.208151 0.272468
1 0.162724 0.51854 0.176407 0.288686
1 0.321812 0.80558 0.228887 0.274053
1 0.888223 0.343516 0.188829 0.269748
1 0.791192 0.164208 0.19604 0.22794
