1 0.123314 0.429004 0.206757 0.275831
1 0.768799 0.417436 0.215142 0.290958
1 0.389132 0.80002 0.203441 0.275435
1 0.327483 0.316367 0.253685 0.280839
1 0.743393 0.899763 0.18947 0.194816
1 0.759027 0.18435 0.183604 0.244183
1 0.847614 0.622476 0.237856 0.27886
1 0.905685 0.219497 0.179234 0.244461
2 0.60644 0.741527 0.293388 0.412301
1 0.599327 0.405135 0.182186 0.235263
1 0.298808 0.522924 0.217923 0.241951
1 0.206517 0.119667 0.203675 0.239334
1 0.0887627 0.73416 0.176459 0.282349
1 0.0272875 0.485085 0.054575 0.295863
