1 0.412057 0.293422 0.214304 0.285315
1 0.364154 0.644717 0.219837 0.284673
1 0.559167 0.746962 0.189846 0.304261
2 0.871765 0.41778 0.25647 0.466667
1 0.238479 0.498265 0.238191 0.302731
1 0.882043 0.791219 0.180917 0.321426
1 0.537696 0.465976 0.201117 0.30641
1 0.124375 0.873738 0.197575 0.245791
1 0.676397 0.89609 0.199487 0.202627
1 0.240031 0.252963 0.205539 0.277316
1 0.797437 0.241255 0.206263 0.241245
1 0.138594 0.234359 0.194 0.253809
1 0.305673 0.816322 0.216715 0.281579
0 0.912338 0.335698 0.175325 0.223462
1 0.212311 0.699373 0.166381 0.249149
