1 0.909832 0.454002 0.180335 0.270254
1 0.156076 0.541232 0.222305 0.29215
1 0.737138 0.64027 0.254097 0.268877
1 0.563768 0.21319 0.218733 0.277751
2 0.364919 0.334518 0.299366 0.416343
1 0.909709 0.776536 0.177085 0.238748
1 0.274862 0.69525 0.214778 0.296754
1 0.343659 0.897734 0.181121 0.199423
1 0.193948 0.906454 0.173573 0.183244
1 0.188045 0.22575 0.178752 0.250979
1 0.447851 0.658071 0.181129 0.246365
1 0.500627 0.878132 0.177654 0.230852
0 0.432791 0.465291 0.0762715 0.093996
1 0.725408 0.442665 0.220229 0.240354
1 0.535042 0.759651 0.177665 0.237067
