1 0.223346 0.173391 0.230357 0.280311
1 0.673051 0.37114 0.194286 0.283874
1 0.125947 0.396954 0.195136 0.275693
2 0.235475 0.760083 0.22625 0.289253
1 0.918701 0.433808 0.162598 0.242986
0 0.807514 0.305772 0.0770368 0.0965765
1 0.935833 0.299076 0.12763 0.253636
1 0.272132 0.505877 0.231351 0.254189
1 0.712978 0.63003 0.258155 0.267425
1 0.394266 0.42581 0.186327 0.268689
1 0.888307 0.798683 0.174401 0.237752
1 0.0866951 0.834863 0.172586 0.318829
1 0.559069 0.289986 0.209718 0.247223
0 0.461053 0.184515 0.0662003 0.0841288
1 0.62074 0.767867 0.224034 0.298392
