1 0.648777 0.217991 0.214575 0.281528
1 0.552881 0.532148 0.225611 0.279514
1 0.159728 0.60487 0.193445 0.269731
2 0.1451 0.127361 0.280405 0.254723
1 0.731117 0.488289 0.22201 0.321164
1 0.342208 0.516244 0.202161 0.273652
1 0.80863 0.278666 0.203709 0.277432
1 0.825127 0.767499 0.22921 0.283416
1 0.0636748 0.35322 0.12735 0.312602
1 0.910627 0.321794 0.178405 0.275174
1 0.549724 0.713341 0.217879 0.277575
1 0.47208 0.279068 0.20742 0.298428
1 0.683164 0.868177 0.208799 0.24674
0 0.482123 0.871285 0.0707661 0.0930424
