1 0.150729 0.288515 0.227002 0.313524
1 0.491088 0.423098 0.22837 0.321293
2 0.736486 0.39571 0.273545 0.36648
1 0.30294 0.520267 0.203428 0.258239
1 0.442893 0.780739 0.236769 0.328817
1 0.12525 0.763157 0.237525 0.328411
1 0.464602 0.18899 0.177184 0.243677
1 0.92561 0.220665 0.14878 0.214409
1 0.63125 0.191457 0.204756 0.236515
1 0.379577 0.210163 0.182079 0.253876
1 0.742444 0.897536 0.201762 0.200701
1 0.781295 0.796758 0.17439 0.240672
1 0.251587 0.767996 0.267654 0.35319
1 0.0424197 0.413211 0.0848393 0.317687
