1 0.763899 0.226516 0.220545 0.309589
1 0.419868 0.464057 0.225017 0.305824
1 0.604453 0.512044 0.205729 0.26778
1 0.292174 0.271361 0.207756 0.248954
1 0.453061 0.79072 0.222479 0.281281
2 0.17419 0.502248 0.272208 0.38162
1 0.955219 0.707286 0.0893509 0.316731
1 0.542075 0.215563 0.188093 0.261847
1 0.768657 0.702196 0.224762 0.314188
1 0.641685 0.733461 0.266004 0.350571
1 0.0491178 0.737639 0.0982356 0.299875
1 0.118899 0.899699 0.209492 0.19326
1 0.460102 0.223288 0.180201 0.249717
1 0.0382533 0.386644 0.0764969 0.259311
