1 0.379357 0.507499 0.21033 0.266807
1 0.560042 0.21502 0.209936 0.283921
1 0.262539 0.347891 0.234213 0.262287
1 0.236558 0.829735 0.213992 0.259993
1 0.712828 0.441062 0.193952 0.257892
1 0.426576 0.808151 0.19749 0.256491
1 0.383915 0.2456 0.177362 0.257566
2 0.580323 0.598412 0.239847 0.329491
1 0.75052 0.641931 0.188177 0.271713
1 0.676291 0.840742 0.18462 0.221132
1 0.18743 0.554435 0.205474 0.258394
1 0.130246 0.266279 0.219029 0.273042
1 0.0452672 0.556074 0.0905344 0.332658
1 0.159786 0.63794 0.217457 0.282312
