1 0.333759 0.848669 0.199564 0.233191
1 0.791324 0.74748 0.206331 0.310932
1 0.419098 0.629387 0.213544 0.315849
2 0.179893 0.649893 0.266423 0.337896
1 0.388781 0.291092 0.207577 0.272404
1 0.589155 0.512283 0.200375 0.265872
1 0.502818 0.850208 0.174917 0.253871
1 0.581832 0.839821 0.184337 0.257648
1 0.702097 0.279607 0.243009 0.311525
1 0.0352351 0.473744 0.0704702 0.299447
1 0.0557085 0.827943 0.111417 0.209752
1 0.0772716 0.132388 0.154376 0.262117
1 0.0807739 0.183029 0.161548 0.366058
0 0.145441 0.572665 0.139164 0.157033
