1 0.387962 0.229054 0.248528 0.290051
1 0.373569 0.592333 0.198437 0.267096
1 0.166726 0.371231 0.206528 0.239135
1 0.577656 0.258593 0.188285 0.284681
1 0.872227 0.79322 0.196274 0.291424
1 0.493007 0.631048 0.197197 0.277947
1 0.179754 0.903908 0.176357 0.187558
1 0.186748 0.179876 0.204044 0.263743
2 0.702551 0.557369 0.346715 0.460932
1 0.108598 0.735665 0.166171 0.237437
1 0.921811 0.347841 0.156378 0.258289
0 0.789549 0.490317 0.104089 0.18277
1 0.564586 0.863554 0.210925 0.251865
1 0.814916 0.10235 0.208173 0.204701
1 0.964691 0.848325 0.0705592 0.250656
0 0.979065 0.651191 0.0415369 0.126956
0 0.668394 0.0933263 0.0915024 0.121404
1 0.210683 0.703405 0.191333 0.249929
1 0.132629 0.542037 0.184025 0.242779
1 0.273864 0.798473 0.194199 0.242502
