1 0.315136 0.437226 0.215163 0.30321
1 0.317841 0.671288 0.209503 0.267402
1 0.607138 0.777587 0.209192 0.267777
1 0.0960794 0.389499 0.192159 0.30739
1 0.669545 0.248041 0.166303 0.218922
1 0.101223 0.634652 0.202447 0.337186
0 0.54273 0.364188 0.118237 0.147784
1 0.752653 0.114881 0.167658 0.226345
1 0.777747 0.425188 0.166632 0.252195
1 0.196056 0.220994 0.193119 0.228239
0 0.397239 0.0747552 0.107474 0.140391
2 0.446099 0.184795 0.3993 0.36959
1 0.701832 0.558934 0.236156 0.268785
1 0.523737 0.590782 0.226034 0.302004
1 0.195927 0.744178 0.205127 0.244031
