2 0.5128 0.575217 0.332517 0.434428
1 0.236533 0.801406 0.209772 0.263532
1 0.116319 0.328297 0.202839 0.259768
1 0.805022 0.335236 0.19307 0.288833
1 0.491547 0.29318 0.254244 0.276882
1 0.495408 0.901225 0.219783 0.191589
1 0.739215 0.776946 0.176949 0.227971
0 0.576778 0.46223 0.1007 0.136417
1 0.844966 0.54276 0.174491 0.24044
1 0.262229 0.561599 0.231937 0.300417
1 0.228152 0.341443 0.218726 0.274694
1 0.689551 0.693748 0.178549 0.276273
1 0.122179 0.197487 0.202713 0.20558
1 0.064677 0.543914 0.129354 0.285729
1 0.336604 0.928219 0.171455 0.140716
