1 0.30504 0.552565 0.196912 0.271159
1 0.270304 0.180694 0.252143 0.283677
1 0.835304 0.863453 0.194157 0.273094
1 0.471449 0.261074 0.196869 0.287955
1 0.433072 0.622587 0.202084 0.281536
2 0.631605 0.587938 0.346959 0.473013
1 0.0671414 0.630013 0.134283 0.245488
1 0.856192 0.434302 0.22059 0.258779
1 0.689643 0.140432 0.21963 0.247371
1 0.538131 0.872954 0.204639 0.251262
1 0.0732983 0.437633 0.146203 0.250483
1 0.0853864 0.281957 0.17005 0.243022
0 0.541061 0.114815 0.0895471 0.119988
0 0.943431 0.750532 0.0740842 0.116123
0 0.566091 0.498608 0.136489 0.213283
0 0.709486 0.541416 0.111922 0.17665
1 0.156646 0.628339 0.18937 0.251181
1 0.227681 0.734635 0.200525 0.244807
1 0.0801666 0.112431 0.160333 0.22451
