1 0.778886 0.652752 0.200108 0.279061
1 0.868693 0.334203 0.207143 0.280625
1 0.291993 0.352932 0.174923 0.251388
1 0.924151 0.691071 0.151697 0.276261
1 0.266396 0.710869 0.209678 0.263466
1 0.443397 0.729271 0.202632 0.260483
1 0.636592 0.805945 0.214012 0.308585
1 0.730987 0.201499 0.167407 0.241633
1 0.14318 0.113259 0.218718 0.226119
1 0.100879 0.634914 0.154547 0.246711
1 0.125009 0.407487 0.19615 0.251807
2 0.573642 0.474182 0.390665 0.552496
1 0.853301 0.107509 0.192332 0.215019
1 0.359804 0.551681 0.191856 0.244185
1 0.416006 0.295646 0.145692 0.30492
1 0.562831 0.126541 0.174953 0.250252
0 0.739915 0.913906 0.104578 0.121587
1 0.959396 0.463254 0.0810037 0.268568
1 0.155374 0.197699 0.209596 0.243755
0 0.472087 0.471067 0.120408 0.187816
