1 0.824733 0.333385 0.217918 0.288371
1 0.557078 0.442261 0.212962 0.285411
1 0.722252 0.624637 0.219077 0.258929
1 0.100751 0.822533 0.189227 0.26349
0 0.503236 0.77651 0.134153 0.176824
1 0.66353 0.232035 0.166987 0.235778
1 0.274423 0.50025 0.191766 0.246774
1 0.0786219 0.0749594 0.156597 0.149425
1 0.926061 0.859437 0.144677 0.255077
0 0.420383 0.701027 0.100713 0.144407
1 0.369039 0.163996 0.161804 0.227839
1 0.138188 0.337253 0.254727 0.296557
1 0.0342567 0.726808 0.0685133 0.291372
1 0.0286172 0.473186 0.0572343 0.309764
0 0.419865 0.892616 0.129355 0.158779
1 0.480692 0.301062 0.165824 0.221345
