1 0.226984 0.271024 0.232402 0.28843
1 0.12273 0.424569 0.190501 0.263606
1 0.839502 0.515363 0.223036 0.295258
1 0.289295 0.46979 0.21888 0.288695
1 0.573045 0.477537 0.204172 0.270434
0 0.779139 0.0874289 0.116958 0.141971
1 0.951378 0.326958 0.0972448 0.362766
1 0.483461 0.783921 0.225369 0.279269
0 0.932892 0.602535 0.0797841 0.0998899
1 0.430073 0.669425 0.191731 0.285956
0 0.97053 0.959149 0.0589407 0.080464
1 0.421278 0.343138 0.200442 0.26588
1 0.255278 0.688802 0.194047 0.22441
1 0.115069 0.615192 0.174934 0.227978
1 0.86479 0.2729 0.166451 0.260105
