1 0.0887598 0.38348 0.17752 0.230422
2 0.459908 0.607081 0.394935 0.523908
1 0.906262 0.398788 0.18537 0.260717
1 0.120975 0.195179 0.174366 0.224173
1 0.117232 0.799321 0.196093 0.250201
1 0.699205 0.354061 0.230894 0.298478
1 0.714197 0.751934 0.192101 0.2846
1 0.2313 0.528313 0.203512 0.268068
1 0.232015 0.903018 0.185282 0.189803
1 0.789677 0.721643 0.221937 0.277795
1 0.87774 0.0922948 0.196012 0.18459
1 0.379345 0.887 0.184508 0.22211
1 0.161903 0.634974 0.180607 0.237856
1 0.34424 0.342913 0.189908 0.241999
