1 0.864215 0.217942 0.220277 0.290015
1 0.773581 0.544242 0.220339 0.279278
1 0.601072 0.411971 0.216532 0.297561
1 0.404684 0.204715 0.174155 0.234015
1 0.326131 0.575248 0.196274 0.26282
0 0.560097 0.771617 0.134371 0.172383
1 0.162884 0.910665 0.1925 0.174499
1 0.104182 0.189374 0.174096 0.20523
1 0.701123 0.172641 0.175577 0.247522
1 0.95471 0.696999 0.0905794 0.301116
0 0.475224 0.721738 0.10432 0.143208
1 0.966262 0.294929 0.0674665 0.268667
1 0.294147 0.257891 0.212703 0.250409
1 0.522169 0.31133 0.174088 0.228953
