1 0.430053 0.44515 0.214635 0.297289
1 0.759708 0.664289 0.206849 0.299135
1 0.0871408 0.540385 0.174163 0.267307
1 0.537681 0.699351 0.205063 0.271411
1 0.326663 0.703027 0.192902 0.254824
1 0.354232 0.843325 0.230818 0.300354
1 0.165193 0.650322 0.202167 0.242843
0 0.426457 0.170686 0.147216 0.16821
1 0.912941 0.363299 0.174118 0.313897
1 0.853996 0.1747 0.192145 0.249337
1 0.114981 0.31365 0.224774 0.251304
1 0.676956 0.244786 0.20158 0.257485
1 0.969232 0.749727 0.0615255 0.304925
1 0.943673 0.55894 0.112655 0.27358
1 0.0873041 0.887454 0.160962 0.22116
0 0.393551 0.283709 0.117915 0.13763
1 0.582337 0.267288 0.186973 0.25367
