1 0.26849 0.152411 0.237876 0.304821
1 0.14477 0.602198 0.192305 0.267793
1 0.57128 0.39182 0.186523 0.278724
1 0.735221 0.419773 0.153214 0.229494
1 0.828105 0.43356 0.171044 0.226891
2 0.365196 0.551569 0.360919 0.481818
0 0.443034 0.49897 0.151289 0.220846
1 0.949273 0.413009 0.101031 0.332695
1 0.684134 0.652008 0.211646 0.292369
1 0.535268 0.122024 0.196691 0.244047
1 0.414395 0.861466 0.185639 0.220803
1 0.767528 0.236029 0.177679 0.238064
1 0.555859 0.568002 0.158488 0.246966
1 0.266289 0.815382 0.213654 0.277325
1 0.85886 0.652295 0.207813 0.260331
1 0.970302 0.166148 0.0593958 0.290239
