1 0.420899 0.808648 0.201329 0.261508
1 0.928734 0.504625 0.142532 0.282651
1 0.210654 0.5392 0.212567 0.274061
1 0.109187 0.757459 0.184552 0.236396
1 0.0695273 0.328716 0.137914 0.248799
1 0.605385 0.73336 0.204814 0.240241
1 0.612777 0.895872 0.260302 0.205284
1 0.18825 0.150007 0.190169 0.281722
1 0.44445 0.280353 0.200065 0.258299
1 0.766251 0.613756 0.1779 0.248986
1 0.48038 0.130043 0.178306 0.242276
1 0.0393002 0.609126 0.0786005 0.278937
1 0.53196 0.608079 0.204328 0.224796
2 0.727493 0.326601 0.404577 0.480498
1 0.902025 0.609514 0.181965 0.249571
