1 0.349717 0.633906 0.181884 0.255505
1 0.487389 0.666851 0.172684 0.266044
1 0.751255 0.363496 0.20584 0.265708
2 0.721027 0.666726 0.398406 0.520778
1 0.187166 0.488213 0.179379 0.231781
1 0.483987 0.420763 0.209829 0.233575
1 0.111483 0.106126 0.197067 0.205124
1 0.952115 0.520167 0.0954254 0.303855
1 0.901015 0.308073 0.197971 0.291152
1 0.080521 0.710499 0.155134 0.270783
1 0.390461 0.315152 0.20053 0.262992
1 0.0965498 0.337204 0.182757 0.212186
1 0.244971 0.292078 0.166312 0.215935
1 0.296098 0.106007 0.202643 0.212015
1 0.334777 0.866409 0.206266 0.240869
