1 0.179446 0.593944 0.219805 0.271156
1 0.885262 0.153767 0.227745 0.260786
1 0.218025 0.396305 0.253296 0.250018
1 0.348455 0.204855 0.183545 0.222757
1 0.705015 0.184081 0.217184 0.2715
1 0.393352 0.727678 0.188077 0.285342
1 0.0561745 0.367536 0.112294 0.241959
0 0.556454 0.371794 0.152889 0.176421
1 0.0747611 0.701267 0.149522 0.240893
1 0.896507 0.456776 0.204324 0.282575
1 0.610675 0.707893 0.208423 0.286458
1 0.548412 0.846542 0.183827 0.232746
0 0.714184 0.775393 0.085726 0.106925
2 0.510606 0.458425 0.410935 0.501456
1 0.796752 0.479934 0.192188 0.272378
1 0.721737 0.895673 0.180679 0.205759
1 0.138212 0.178102 0.190893 0.237267
1 0.826128 0.83942 0.221027 0.280556
1 0.566564 0.180023 0.200719 0.238788
1 0.10528 0.0856954 0.166265 0.168512
1 0.696612 0.387603 0.152144 0.263908
