1 0.308842 0.655813 0.250382 0.306028
1 0.410442 0.344894 0.204983 0.278016
1 0.930564 0.456845 0.138872 0.32332
1 0.892034 0.865381 0.213323 0.265435
1 0.143774 0.411743 0.209067 0.251213
1 0.54563 0.377029 0.213931 0.272247
1 0.0988283 0.584719 0.197657 0.274454
1 0.508571 0.737708 0.199246 0.28038
0 0.542988 0.923296 0.0956673 0.129424
2 0.731826 0.554655 0.367687 0.46677
0 0.665151 0.556608 0.151493 0.161604
1 0.191866 0.100101 0.18226 0.197798
0 0.788187 0.662404 0.120784 0.150853
1 0.153784 0.235539 0.201439 0.256789
