1 0.760357 0.285196 0.212009 0.26786
1 0.114171 0.766819 0.18449 0.243724
1 0.0838052 0.232448 0.166062 0.304781
1 0.339228 0.453098 0.197962 0.265705
1 0.534234 0.409419 0.199835 0.289485
1 0.772653 0.100743 0.189718 0.201149
1 0.905705 0.699313 0.18859 0.26433
2 0.631374 0.731683 0.378556 0.426347
1 0.416931 0.646672 0.168418 0.237151
0 0.620565 0.787415 0.140998 0.194812
1 0.597124 0.406125 0.186368 0.2842
1 0.237975 0.353043 0.260977 0.27917
0 0.602089 0.628641 0.141686 0.156817
0 0.542595 0.776627 0.131535 0.182344
1 0.0559077 0.666167 0.111815 0.304096
