1 0.465479 0.460566 0.218372 0.272507
1 0.46053 0.692352 0.22483 0.290815
1 0.402174 0.885146 0.221852 0.229708
1 0.701164 0.16075 0.22684 0.289973
1 0.773485 0.725867 0.194836 0.273646
1 0.609605 0.349998 0.215577 0.258931
1 0.253995 0.701409 0.229602 0.26281
1 0.375425 0.201368 0.254525 0.303037
0 0.21045 0.49711 0.146459 0.188551
2 0.221367 0.389934 0.36047 0.487319
1 0.113318 0.657994 0.18882 0.299583
0 0.146644 0.316048 0.142945 0.218077
1 0.835103 0.920088 0.1967 0.156004
1 0.0368069 0.116172 0.0736138 0.231966
