1 0.508988 0.629075 0.217477 0.289476
1 0.177931 0.836286 0.198593 0.233179
1 0.78666 0.80866 0.19618 0.286088
1 0.699069 0.428622 0.197217 0.268692
1 0.897336 0.330178 0.205329 0.270365
1 0.927487 0.856092 0.145026 0.233071
1 0.726022 0.196514 0.178323 0.227856
1 0.274991 0.450689 0.186517 0.251054
1 0.471993 0.399807 0.205212 0.245771
1 0.821692 0.571717 0.168343 0.235044
0 0.687225 0.728305 0.0880904 0.112717
0 0.975002 0.225557 0.0497696 0.103113
1 0.234622 0.148758 0.176724 0.230624
1 0.91531 0.103315 0.168626 0.206631
2 0.499016 0.17268 0.363396 0.34307
1 0.970211 0.621511 0.0594853 0.326529
0 0.44701 0.178991 0.142715 0.179079
0 0.652385 0.906665 0.0908252 0.108405
