1 0.56379 0.701509 0.205159 0.275019
1 0.869332 0.731594 0.215868 0.295058
1 0.919593 0.46867 0.160814 0.266121
1 0.757912 0.56215 0.191646 0.252904
1 0.411752 0.868481 0.228124 0.263039
1 0.296393 0.703578 0.193703 0.259443
1 0.640474 0.424914 0.164527 0.248772
1 0.188948 0.880652 0.199484 0.236734
2 0.414466 0.240862 0.378011 0.481725
1 0.0989898 0.503741 0.17702 0.265076
1 0.93921 0.234261 0.12158 0.253402
1 0.430314 0.538668 0.195878 0.273678
1 0.237911 0.499389 0.182875 0.247302
1 0.793658 0.342657 0.180519 0.231162
1 0.186705 0.195804 0.178537 0.251245
1 0.739832 0.143482 0.210669 0.256016
1 0.167886 0.57158 0.194494 0.251573
1 0.484617 0.501665 0.197348 0.234021
