1 0.348195 0.512604 0.205335 0.283975
1 0.0791064 0.665717 0.156943 0.268775
1 0.846032 0.868046 0.211022 0.258508
0 0.436777 0.198918 0.109294 0.161409
1 0.636587 0.153086 0.191254 0.25099
0 0.32998 0.194683 0.0732431 0.10905
1 0.70373 0.798029 0.256 0.27312
1 0.203147 0.566143 0.217416 0.295696
1 0.168047 0.0954147 0.183648 0.190829
2 0.459973 0.261979 0.273082 0.346686
1 0.779172 0.353917 0.229173 0.282849
1 0.52032 0.909367 0.210137 0.177528
0 0.277091 0.15494 0.0785298 0.112097
1 0.948271 0.608488 0.102992 0.324085
