1 0.0985317 0.433024 0.188221 0.248482
1 0.320285 0.869102 0.184422 0.240137
1 0.806013 0.251429 0.200391 0.26256
1 0.239224 0.365844 0.167671 0.263355
1 0.249423 0.546746 0.20194 0.276679
0 0.445533 0.42198 0.150482 0.152943
1 0.65333 0.505173 0.175822 0.245121
2 0.417401 0.350661 0.278751 0.374769
1 0.453918 0.679071 0.175315 0.218091
0 0.44351 0.293446 0.149398 0.14858
1 0.778028 0.0879929 0.190968 0.175813
1 0.13261 0.910939 0.16215 0.170414
1 0.0437684 0.260659 0.0875369 0.211949
1 0.851956 0.465251 0.239143 0.264663
