1 0.795299 0.661704 0.203758 0.265315
1 0.817722 0.440728 0.203178 0.263615
1 0.935937 0.481893 0.128127 0.302779
1 0.705573 0.436252 0.168017 0.267854
1 0.270203 0.197869 0.17445 0.224276
1 0.489321 0.347441 0.210847 0.257031
1 0.681525 0.195117 0.185995 0.243455
1 0.32945 0.628822 0.192138 0.295484
1 0.914519 0.253518 0.170963 0.262629
1 0.167149 0.618537 0.199833 0.252977
1 0.719827 0.870287 0.205418 0.250196
1 0.46769 0.54021 0.190733 0.278552
1 0.195747 0.495203 0.187955 0.251912
1 0.866515 0.935666 0.181921 0.124755
1 0.532101 0.172249 0.228555 0.245428
1 0.966851 0.719221 0.0662768 0.269292
