1 0.676399 0.88424 0.210054 0.231519
1 0.351021 0.328668 0.194742 0.268046
1 0.827955 0.835409 0.179824 0.257712
1 0.93076 0.695916 0.13848 0.261799
2 0.644846 0.586715 0.36159 0.515547
1 0.920894 0.897304 0.158212 0.200204
1 0.242677 0.159537 0.226451 0.319075
1 0.839639 0.239678 0.20551 0.276112
1 0.535186 0.241261 0.2297 0.290061
1 0.305922 0.567883 0.20625 0.291037
0 0.365525 0.654958 0.0760449 0.0950485
1 0.917584 0.287751 0.164833 0.264004
1 0.35274 0.870742 0.184297 0.243964
1 0.17213 0.439266 0.200377 0.27006
