1 0.357805 0.786792 0.18778 0.210498
1 0.271678 0.423513 0.220386 0.311842
1 0.704881 0.577379 0.200033 0.278469
1 0.903062 0.53984 0.193876 0.279804
1 0.128084 0.617369 0.187233 0.248066
1 0.422024 0.587122 0.228518 0.272502
1 0.528203 0.247579 0.162083 0.226323
0 0.646938 0.222159 0.0760214 0.108815
1 0.905303 0.13324 0.189317 0.26648
0 0.353019 0.15923 0.0916022 0.120824
0 0.437961 0.336416 0.0820479 0.101802
1 0.753374 0.364722 0.273758 0.304389
0 0.727431 0.0780914 0.117362 0.149708
1 0.767136 0.77945 0.213538 0.246774
0 0.630448 0.061578 0.109694 0.123156
