1 0.575889 0.214497 0.198326 0.261017
1 0.781755 0.594924 0.19936 0.256463
1 0.866174 0.262061 0.189311 0.251181
1 0.5965 0.827925 0.232371 0.259909
1 0.606372 0.453572 0.206476 0.330653
1 0.74597 0.378935 0.186434 0.2454
1 0.235648 0.598202 0.253654 0.307615
1 0.716014 0.159293 0.201321 0.268325
1 0.325133 0.085662 0.175445 0.169111
2 0.334628 0.360884 0.351287 0.485509
1 0.958474 0.662482 0.0830112 0.265569
0 0.233431 0.371475 0.118254 0.191876
1 0.881028 0.458485 0.183415 0.247113
0 0.31697 0.249777 0.144079 0.170239
1 0.819261 0.809748 0.23417 0.263117
