1 0.294463 0.709323 0.214718 0.284216
1 0.714284 0.537375 0.201354 0.250885
1 0.929336 0.55413 0.141329 0.260688
1 0.267167 0.504542 0.173723 0.233265
1 0.719079 0.353749 0.204549 0.261528
0 0.387139 0.0954653 0.103593 0.130396
0 0.474307 0.296335 0.136347 0.176193
1 0.13815 0.401582 0.182271 0.255965
1 0.47511 0.676396 0.196927 0.31442
1 0.781565 0.863184 0.188998 0.25266
0 0.341114 0.19869 0.104506 0.154205
1 0.94568 0.340858 0.108641 0.244714
1 0.160251 0.11506 0.203819 0.23012
2 0.432092 0.216226 0.373089 0.432452
0 0.479344 0.11152 0.152777 0.183051
1 0.828498 0.909261 0.197442 0.176399
1 0.108377 0.665532 0.204737 0.247757
