1 0.745473 0.288341 0.201154 0.269774
0 0.193344 0.417242 0.151551 0.198412
1 0.747483 0.616802 0.201867 0.247017
1 0.548421 0.564482 0.2017 0.28239
1 0.629518 0.805548 0.239868 0.309952
1 0.454994 0.802944 0.192956 0.248575
0 0.234988 0.585583 0.130051 0.139297
2 0.245398 0.472383 0.331776 0.411553
0 0.153175 0.641342 0.0796556 0.117718
0 0.897757 0.865549 0.0729968 0.0864766
1 0.626878 0.167411 0.178203 0.238665
0 0.31568 0.527703 0.11585 0.133542
1 0.50585 0.194684 0.186939 0.252837
1 0.553046 0.291506 0.205265 0.251553
