1 0.501042 0.389813 0.196553 0.24066
1 0.720625 0.721554 0.188114 0.256856
1 0.498098 0.624734 0.20024 0.278903
1 0.670545 0.36426 0.188692 0.252059
1 0.813332 0.781324 0.221997 0.288542
1 0.594822 0.877655 0.228418 0.243806
2 0.303733 0.236559 0.377777 0.432369
1 0.346467 0.770169 0.193106 0.264003
1 0.172709 0.518664 0.191053 0.26665
1 0.947421 0.69261 0.104172 0.275629
1 0.443614 0.834766 0.212667 0.273877
1 0.148215 0.712808 0.182147 0.258394
1 0.815959 0.504412 0.214171 0.323868
1 0.254816 0.510553 0.193925 0.263507
1 0.91777 0.323893 0.164461 0.249436
1 0.970648 0.880243 0.0587038 0.238666
