1 0.746535 0.481264 0.238555 0.306697
1 0.652988 0.280293 0.189365 0.258126
1 0.813119 0.230279 0.184796 0.309487
1 0.804492 0.896874 0.197285 0.205589
1 0.158277 0.407478 0.216211 0.254201
1 0.66082 0.717989 0.207726 0.253417
2 0.463807 0.523178 0.363898 0.484668
1 0.468324 0.866611 0.18835 0.258042
1 0.954609 0.539285 0.0905731 0.284358
1 0.238062 0.917925 0.188348 0.161136
1 0.883081 0.706055 0.210744 0.300041
1 0.550372 0.12723 0.198763 0.237799
1 0.316485 0.125841 0.20108 0.211264
0 0.526187 0.445376 0.150876 0.181708
1 0.936364 0.902802 0.127272 0.190719
1 0.207696 0.714655 0.262837 0.298258
1 0.0911682 0.557445 0.143369 0.252199
1 0.937573 0.282917 0.124853 0.309548
