1 0.364438 0.629248 0.217686 0.293302
1 0.804978 0.27656 0.216664 0.310835
1 0.905778 0.406282 0.188444 0.273917
1 0.929219 0.191501 0.141562 0.256355
1 0.870592 0.816111 0.239788 0.309814
1 0.530971 0.367605 0.20768 0.267841
0 0.0838117 0.315823 0.0736971 0.102732
1 0.628607 0.184467 0.180724 0.269179
1 0.744872 0.478935 0.18704 0.253567
0 0.619856 0.76525 0.146641 0.147483
0 0.554153 0.957058 0.111091 0.0849487
1 0.757906 0.0848589 0.183865 0.16876
0 0.721614 0.939523 0.133864 0.112951
1 0.973592 0.783754 0.052775 0.314577
1 0.573172 0.472192 0.227488 0.260584
1 0.541633 0.133482 0.215549 0.263262
