1 0.646121 0.860269 0.250275 0.279463
1 0.668533 0.500439 0.21083 0.269377
1 0.926853 0.417895 0.146295 0.235086
1 0.869428 0.766808 0.202956 0.238351
1 0.460125 0.786409 0.189224 0.287357
1 0.22352 0.896643 0.211379 0.205185
2 0.356962 0.460569 0.362172 0.466629
1 0.19296 0.191527 0.208709 0.292781
0 0.361813 0.931564 0.096236 0.122671
1 0.553075 0.430717 0.201359 0.291001
1 0.106973 0.615818 0.21243 0.26091
1 0.778827 0.318719 0.186957 0.236061
1 0.843401 0.909148 0.201615 0.178373
1 0.907749 0.617804 0.184141 0.248593
1 0.834249 0.422567 0.197113 0.251644
0 0.254942 0.499907 0.119287 0.169976
0 0.0646711 0.307748 0.0810583 0.120533
