2 0.428578 0.327998 0.362546 0.489676
1 0.699473 0.432365 0.183855 0.243248
1 0.843784 0.456902 0.19053 0.24833
1 0.0950495 0.264673 0.187846 0.246744
1 0.699594 0.649556 0.202405 0.263875
1 0.325293 0.852302 0.244935 0.295396
1 0.84983 0.776041 0.236156 0.276094
1 0.0950768 0.662119 0.188721 0.282937
1 0.23889 0.419188 0.196368 0.284632
1 0.29979 0.621175 0.18413 0.25031
1 0.746385 0.188783 0.194618 0.254409
0 0.366985 0.387303 0.107726 0.136344
0 0.383223 0.242746 0.147441 0.204702
1 0.658694 0.788924 0.192048 0.261683
1 0.65392 0.205691 0.191891 0.251541
