1 0.78851 0.329638 0.23723 0.274484
1 0.621051 0.48565 0.231697 0.250474
2 0.260682 0.517262 0.402011 0.503107
0 0.5907 0.331191 0.109772 0.147446
0 0.957368 0.724802 0.0843534 0.110941
1 0.353172 0.226195 0.207621 0.273221
1 0.0786174 0.509956 0.156731 0.281599
1 0.465082 0.7144 0.211759 0.265436
1 0.571469 0.615964 0.185742 0.224823
1 0.0565719 0.311671 0.113144 0.240533
1 0.0537965 0.788001 0.107593 0.275191
0 0.365631 0.468401 0.108693 0.13952
1 0.48212 0.276436 0.145086 0.260163
0 0.194442 0.577533 0.111298 0.150183
1 0.43346 0.880376 0.189098 0.236641
