1 0.93087 0.394828 0.138144 0.285721
1 0.898759 0.823347 0.202483 0.2999
2 0.5899 0.618476 0.359485 0.539064
1 0.809156 0.634484 0.203523 0.266448
1 0.3877 0.718236 0.260375 0.306689
1 0.929417 0.609233 0.141166 0.264577
1 0.723864 0.295122 0.227987 0.311142
1 0.186348 0.440549 0.216502 0.292488
1 0.14773 0.282509 0.195598 0.240667
1 0.956095 0.159241 0.0877858 0.315427
1 0.121621 0.155313 0.195074 0.281351
1 0.175093 0.641336 0.150736 0.255045
1 0.383226 0.901861 0.196861 0.146109
1 0.549306 0.293163 0.210937 0.264903
1 0.820853 0.134726 0.232801 0.269451
