1 0.463446 0.606694 0.221155 0.294403
1 0.140402 0.47025 0.190547 0.246083
1 0.7086 0.680651 0.229621 0.301145
1 0.616138 0.518928 0.194221 0.242266
1 0.155247 0.691883 0.197177 0.270435
1 0.0802131 0.313969 0.160426 0.262996
1 0.149665 0.887885 0.166916 0.219102
1 0.788554 0.354766 0.212407 0.277407
1 0.478442 0.874967 0.203919 0.250067
0 0.229587 0.274986 0.127138 0.163747
0 0.718827 0.830558 0.0929153 0.111856
1 0.563155 0.210651 0.235891 0.300731
1 0.299644 0.478598 0.209934 0.301975
1 0.9638 0.195496 0.0723996 0.319651
