1 0.378636 0.723811 0.204238 0.255909
1 0.151494 0.532462 0.196014 0.248839
1 0.555262 0.764287 0.188487 0.242375
1 0.069206 0.673738 0.138359 0.242736
1 0.700891 0.562218 0.188471 0.24054
1 0.0687887 0.14344 0.137326 0.249029
0 0.56031 0.454182 0.144148 0.183431
1 0.270121 0.221844 0.218175 0.297167
2 0.468339 0.40314 0.38791 0.491888
1 0.776518 0.452858 0.204057 0.21693
1 0.752025 0.277533 0.207071 0.223089
0 0.390124 0.465792 0.13604 0.192582
1 0.0674626 0.348728 0.133639 0.21811
0 0.436748 0.32873 0.144964 0.177274
1 0.225554 0.728246 0.196482 0.216443
