1 0.845042 0.791394 0.176421 0.241971
1 0.189812 0.425756 0.209122 0.280893
1 0.784242 0.580391 0.225415 0.264685
1 0.688644 0.730381 0.205205 0.292626
1 0.0839564 0.157299 0.167575 0.313847
2 0.388068 0.187442 0.426015 0.358339
1 0.429373 0.559594 0.196117 0.249111
1 0.829711 0.194035 0.200468 0.269071
0 0.0790597 0.448421 0.0765657 0.102097
1 0.6522 0.185294 0.227567 0.298597
1 0.452601 0.88231 0.214597 0.233714
1 0.198707 0.167521 0.159521 0.288734
1 0.590378 0.519765 0.189828 0.272079
1 0.528004 0.837799 0.184222 0.290578
0 0.475511 0.171029 0.162018 0.151399
0 0.309244 0.0600569 0.115842 0.115887
