1 0.48071 0.655526 0.211344 0.283514
1 0.81889 0.461592 0.18839 0.256688
1 0.601384 0.363614 0.200552 0.258999
2 0.662198 0.813929 0.283468 0.362646
1 0.439627 0.298194 0.217827 0.252852
1 0.372144 0.486353 0.197803 0.250323
1 0.751604 0.252717 0.227065 0.302249
1 0.0878032 0.685592 0.173289 0.288682
0 0.350702 0.880973 0.0831147 0.0980505
1 0.469218 0.910918 0.179183 0.174881
1 0.0468951 0.380355 0.0937902 0.246435
1 0.258707 0.349335 0.188901 0.270756
1 0.1162 0.83469 0.225879 0.257803
1 0.651487 0.540238 0.204692 0.280987
