1 0.860587 0.87121 0.202618 0.250314
1 0.303658 0.799266 0.212807 0.277333
1 0.224941 0.302127 0.215477 0.25463
1 0.878923 0.175722 0.215262 0.260194
1 0.588374 0.857215 0.22704 0.284079
1 0.427883 0.373699 0.191342 0.269695
1 0.912034 0.37402 0.175933 0.233728
0 0.104674 0.624449 0.114058 0.146914
1 0.46526 0.646598 0.213097 0.221486
0 0.798122 0.638452 0.13781 0.159908
1 0.907791 0.675678 0.151551 0.23282
1 0.0516469 0.770667 0.103294 0.258656
1 0.0618969 0.317951 0.117423 0.221829
1 0.380108 0.466916 0.196733 0.251226
