1 0.811138 0.879367 0.188699 0.241267
1 0.591711 0.443085 0.208564 0.290022
1 0.0850364 0.489761 0.168365 0.290944
1 0.422202 0.585308 0.188226 0.301237
1 0.24305 0.601899 0.193919 0.247607
1 0.0894134 0.222353 0.176596 0.283987
1 0.865247 0.671326 0.182065 0.266854
0 0.263838 0.777164 0.167974 0.211013
1 0.742886 0.368579 0.194171 0.230697
1 0.246857 0.105391 0.2232 0.210781
1 0.247642 0.390997 0.189806 0.239039
1 0.399692 0.311286 0.219756 0.271093
1 0.551882 0.165763 0.17888 0.251498
1 0.0307393 0.704743 0.0614785 0.254419
