1 0.881412 0.242121 0.207661 0.28354
1 0.107163 0.213475 0.211499 0.310922
1 0.721288 0.309062 0.198969 0.251858
1 0.733307 0.531437 0.194069 0.268744
1 0.848056 0.796697 0.175076 0.25594
1 0.382722 0.433234 0.216416 0.265293
1 0.607978 0.38007 0.176271 0.252994
1 0.691537 0.769397 0.20488 0.238497
1 0.11331 0.887898 0.209878 0.223823
1 0.272339 0.80391 0.198507 0.30519
1 0.141098 0.438984 0.184845 0.249489
1 0.039346 0.457003 0.078692 0.28826
1 0.115798 0.763837 0.195171 0.249023
1 0.392059 0.237502 0.229502 0.278844
1 0.390809 0.626015 0.189266 0.266142
2 0.461004 0.835064 0.35497 0.315729
1 0.263648 0.142014 0.152892 0.228514
1 0.459919 0.629055 0.216009 0.270477
