1 0.158596 0.433256 0.202418 0.265584
1 0.194056 0.792185 0.171432 0.25559
1 0.869485 0.533894 0.204792 0.276474
1 0.357102 0.245726 0.192273 0.253316
1 0.453204 0.787056 0.20589 0.272197
1 0.681772 0.508156 0.19951 0.235369
0 0.813192 0.341573 0.0740433 0.101468
1 0.304674 0.741907 0.208874 0.334442
1 0.404693 0.438835 0.205778 0.254023
1 0.507733 0.570994 0.181176 0.226249
1 0.61919 0.141721 0.232284 0.275796
1 0.903788 0.331619 0.1874 0.239366
1 0.959393 0.520089 0.081128 0.272893
1 0.928714 0.125725 0.142572 0.251449
