1 0.324037 0.393685 0.190372 0.261933
1 0.562304 0.38788 0.195876 0.269216
1 0.214223 0.384386 0.213611 0.285138
1 0.385404 0.173916 0.221612 0.290634
1 0.089082 0.555627 0.178164 0.268049
1 0.472981 0.707157 0.193206 0.258995
1 0.624374 0.605183 0.191157 0.242613
1 0.890376 0.332039 0.189767 0.272567
1 0.664761 0.176857 0.178341 0.260456
1 0.246013 0.872741 0.206265 0.234254
1 0.285321 0.615497 0.20991 0.224342
1 0.869471 0.139473 0.188761 0.248211
2 0.834545 0.639977 0.325721 0.456744
1 0.125891 0.171183 0.213246 0.252999
0 0.756771 0.720648 0.111911 0.1691
1 0.0364555 0.382369 0.072911 0.29805
1 0.548216 0.170443 0.207296 0.254198
1 0.959975 0.469488 0.0799115 0.317318
0 0.776774 0.589966 0.0777535 0.113149
1 0.816591 0.363209 0.182907 0.245191
