1 0.15141 0.332312 0.196346 0.29675
1 0.620288 0.609324 0.200277 0.280338
1 0.818586 0.52383 0.252955 0.29964
1 0.23369 0.745867 0.220441 0.27336
1 0.44829 0.886889 0.2111 0.226221
1 0.572583 0.245933 0.205616 0.264478
1 0.708867 0.21195 0.203441 0.270109
2 0.394079 0.459615 0.347262 0.410522
0 0.582463 0.792917 0.0928719 0.12738
1 0.939467 0.273164 0.121066 0.270641
1 0.961849 0.46961 0.0762543 0.294461
0 0.0797213 0.532603 0.0853211 0.118843
0 0.448444 0.444049 0.157715 0.175074
0 0.32897 0.537078 0.125825 0.160301
1 0.308085 0.227872 0.211554 0.229457
