1 0.101655 0.329189 0.188041 0.250341
1 0.439565 0.549272 0.206711 0.332064
1 0.692718 0.634266 0.245928 0.283355
1 0.314762 0.733308 0.194569 0.26639
0 0.623561 0.16399 0.134667 0.152786
1 0.905691 0.485697 0.188617 0.259221
1 0.241598 0.63714 0.23751 0.25197
1 0.166683 0.551778 0.208016 0.247982
2 0.519375 0.216161 0.393942 0.432323
1 0.254877 0.891352 0.223253 0.21367
1 0.0467098 0.533008 0.0934196 0.291471
1 0.888356 0.71442 0.194326 0.220056
0 0.557839 0.0881459 0.14853 0.171135
1 0.258672 0.279991 0.201909 0.241311
0 0.577425 0.266844 0.13816 0.163083
1 0.0299394 0.298811 0.0598788 0.278515
1 0.737038 0.305754 0.228094 0.333672
