1 0.546422 0.795405 0.209308 0.254271
1 0.163374 0.777931 0.203047 0.259399
1 0.313651 0.78019 0.184697 0.237041
2 0.551669 0.464174 0.377138 0.488245
1 0.949184 0.522654 0.100519 0.276089
1 0.111684 0.547833 0.217686 0.318957
0 0.21988 0.503753 0.0749398 0.100474
1 0.923182 0.770723 0.153635 0.229878
1 0.158207 0.209302 0.204802 0.254959
0 0.586408 0.585894 0.139791 0.165606
0 0.465652 0.493153 0.108491 0.133545
1 0.884718 0.605491 0.197659 0.297504
1 0.781465 0.78476 0.182258 0.199916
1 0.305327 0.348809 0.2041 0.265156
0 0.526614 0.405544 0.100176 0.130916
1 0.0401717 0.166026 0.0803433 0.250095
1 0.0981965 0.0740822 0.191137 0.148164
1 0.6365 0.17467 0.20638 0.257201
