1 0.812932 0.620748 0.180104 0.247504
1 0.209416 0.609406 0.190721 0.273531
1 0.664278 0.638571 0.179449 0.239074
1 0.0731252 0.750324 0.145617 0.251127
2 0.396195 0.703547 0.34516 0.45986
1 0.289486 0.400844 0.184198 0.248404
0 0.335718 0.784509 0.119183 0.162803
1 0.850713 0.302561 0.246833 0.266661
1 0.0933642 0.344007 0.185956 0.279437
1 0.335684 0.181533 0.241085 0.289247
0 0.337851 0.650307 0.108596 0.138779
1 0.657697 0.27825 0.199781 0.264354
1 0.672613 0.869599 0.235489 0.250629
1 0.600996 0.856857 0.18239 0.248864
1 0.6882 0.419363 0.208831 0.276871
