1 0.172984 0.556132 0.213672 0.279217
1 0.1346 0.890593 0.197521 0.218192
1 0.348096 0.58648 0.208644 0.314937
1 0.269356 0.864349 0.221592 0.268056
1 0.445892 0.74662 0.21116 0.278516
2 0.535375 0.36685 0.365626 0.469358
1 0.827489 0.320469 0.191836 0.260643
1 0.763354 0.879642 0.175682 0.236821
1 0.836149 0.717464 0.221346 0.263026
1 0.615742 0.910477 0.197502 0.175668
0 0.272409 0.383002 0.0857787 0.116453
1 0.70176 0.189214 0.207404 0.264557
1 0.276163 0.171493 0.192442 0.268365
0 0.154242 0.406201 0.0651455 0.084382
0 0.779464 0.419607 0.0722363 0.08339
1 0.970141 0.870946 0.0596527 0.258109
1 0.615384 0.698785 0.206745 0.263678
