1 0.847291 0.322916 0.223554 0.279097
1 0.771336 0.14699 0.196905 0.26602
1 0.472014 0.603714 0.198018 0.281481
1 0.656085 0.493778 0.170248 0.248829
1 0.0867001 0.639692 0.171952 0.273376
1 0.610124 0.192967 0.201572 0.25522
1 0.518733 0.800381 0.191596 0.264154
1 0.162296 0.301039 0.248669 0.318212
2 0.396079 0.290187 0.353018 0.516951
1 0.0862114 0.797737 0.172423 0.240896
1 0.797695 0.632834 0.238657 0.29328
1 0.0323367 0.480511 0.0646735 0.268552
1 0.371791 0.70038 0.220683 0.30663
1 0.0975622 0.891652 0.192073 0.213175
