1 0.465255 0.595257 0.234134 0.298119
1 0.294404 0.477207 0.183273 0.259503
2 0.403187 0.24088 0.36141 0.473077
1 0.630685 0.439113 0.188302 0.263786
1 0.674175 0.228705 0.193347 0.247478
1 0.0872827 0.544332 0.174565 0.282171
1 0.768743 0.849494 0.239653 0.286174
1 0.645331 0.662225 0.204326 0.277696
1 0.716297 0.481656 0.211435 0.256298
1 0.18895 0.736575 0.2123 0.233437
1 0.0784632 0.20218 0.155839 0.242326
1 0.204708 0.116092 0.188408 0.232184
0 0.353555 0.298131 0.109374 0.152141
1 0.819986 0.248413 0.188669 0.257082
1 0.948897 0.362863 0.101946 0.323097
