1 0.278126 0.564497 0.216301 0.285706
1 0.851854 0.276799 0.225226 0.276765
1 0.735438 0.16112 0.219888 0.31057
1 0.885684 0.090522 0.188638 0.18095
1 0.777014 0.694582 0.237222 0.313507
1 0.927179 0.644808 0.145643 0.27602
1 0.49624 0.375802 0.220436 0.253103
0 0.444635 0.895938 0.113476 0.134449
0 0.523746 0.687905 0.152373 0.170258
1 0.668655 0.368589 0.181289 0.248139
0 0.0235621 0.289688 0.0471242 0.12147
1 0.456415 0.281453 0.202493 0.265851
0 0.509781 0.708116 0.126785 0.206315
1 0.320907 0.805832 0.149005 0.291945
1 0.200851 0.889858 0.199303 0.216492
0 0.16619 0.568755 0.0776568 0.103483
