1 0.435108 0.58553 0.197122 0.27134
1 0.196282 0.219122 0.19085 0.2427
2 0.870733 0.794251 0.258535 0.354565
1 0.410832 0.159811 0.172674 0.218007
0 0.221052 0.524971 0.078223 0.0950624
0 0.843433 0.861105 0.146465 0.178047
1 0.557309 0.199082 0.192759 0.238118
1 0.11891 0.412287 0.156383 0.248225
1 0.392286 0.895146 0.190391 0.206404
1 0.855655 0.246181 0.234771 0.286304
1 0.672157 0.645479 0.270961 0.315162
1 0.947866 0.109039 0.104268 0.218077
1 0.411512 0.31187 0.175362 0.258246
1 0.708935 0.123561 0.236542 0.247122
