1 0.717545 0.572229 0.192404 0.231012
1 0.166367 0.191157 0.200532 0.257936
1 0.280168 0.552337 0.1776 0.316611
1 0.135957 0.611561 0.186974 0.237056
2 0.579589 0.346791 0.36317 0.518114
1 0.954383 0.417821 0.0911581 0.264851
1 0.886424 0.23468 0.214289 0.287525
1 0.7789 0.401584 0.191652 0.250253
1 0.536341 0.735441 0.19113 0.258697
1 0.0346395 0.497848 0.0692789 0.283203
0 0.659028 0.44936 0.122974 0.148805
0 0.610437 0.237658 0.132672 0.162827
1 0.727579 0.177056 0.200195 0.273968
1 0.120257 0.352232 0.192124 0.233358
1 0.482913 0.604235 0.252567 0.242882
