1 0.293395 0.869142 0.192492 0.261716
1 0.444873 0.889247 0.19156 0.219847
1 0.0905802 0.730362 0.180864 0.273763
1 0.088398 0.426961 0.176796 0.256844
1 0.597793 0.334393 0.233894 0.311338
1 0.717037 0.883374 0.187559 0.229929
1 0.788401 0.36025 0.215818 0.252264
1 0.815775 0.703078 0.152383 0.253152
1 0.381715 0.205551 0.202749 0.271626
0 0.480996 0.658187 0.131507 0.16723
2 0.455211 0.545323 0.368995 0.506672
1 0.127252 0.914497 0.207861 0.168919
1 0.0466939 0.254833 0.0933878 0.271975
1 0.63146 0.853261 0.217082 0.285696
1 0.0273365 0.583578 0.0546731 0.256322
