1 0.725088 0.696838 0.183815 0.251023
1 0.245591 0.248892 0.258454 0.309105
1 0.397168 0.388367 0.203457 0.266227
1 0.138601 0.726389 0.215084 0.28933
1 0.715919 0.312571 0.201636 0.289791
1 0.310114 0.740376 0.17519 0.239799
1 0.887018 0.3136 0.21883 0.287823
1 0.534742 0.240522 0.212709 0.264517
2 0.497171 0.608741 0.33974 0.425368
1 0.707329 0.505132 0.227105 0.287545
1 0.681603 0.912783 0.183201 0.17067
1 0.287543 0.550865 0.204941 0.290293
1 0.431077 0.905239 0.186011 0.186131
0 0.413642 0.650467 0.117198 0.159823
1 0.335466 0.879771 0.190263 0.224203
