1 0.593994 0.500578 0.201713 0.265853
1 0.868241 0.535528 0.175988 0.240118
1 0.771796 0.203935 0.203524 0.23797
1 0.48236 0.586926 0.201572 0.282539
1 0.367649 0.254205 0.192304 0.286989
1 0.549531 0.141848 0.244275 0.283697
2 0.286714 0.585929 0.364437 0.463476
1 0.760532 0.549806 0.198862 0.254996
1 0.066048 0.475058 0.132011 0.256289
1 0.434926 0.853594 0.212474 0.265639
1 0.13608 0.873403 0.199532 0.250934
0 0.263835 0.120868 0.0928581 0.124648
1 0.123999 0.16786 0.205137 0.245897
0 0.179244 0.553328 0.105966 0.162474
0 0.017205 0.804339 0.0341697 0.138218
1 0.811271 0.743482 0.173398 0.225574
1 0.705207 0.66673 0.179556 0.244829
