1 0.34163 0.707124 0.209628 0.264508
1 0.697659 0.257706 0.165623 0.218545
1 0.341699 0.472557 0.214737 0.293513
1 0.110616 0.436498 0.213501 0.306256
1 0.622324 0.789692 0.206795 0.268348
1 0.110486 0.686659 0.220973 0.329021
2 0.478774 0.197403 0.392972 0.394807
0 0.571949 0.382989 0.115916 0.143394
1 0.779498 0.118353 0.16203 0.225837
1 0.722261 0.562201 0.238581 0.262894
1 0.229185 0.261314 0.193345 0.226506
1 0.801345 0.424162 0.168489 0.251035
0 0.429624 0.0926456 0.112635 0.15975
1 0.543719 0.609208 0.222321 0.294072
0 0.411002 0.87873 0.0755083 0.0805611
1 0.23199 0.0928955 0.184624 0.183028
