1 0.811388 0.504967 0.199986 0.274262
1 0.918897 0.342712 0.161213 0.27531
1 0.818975 0.199468 0.197745 0.25204
1 0.447401 0.752573 0.188407 0.282632
1 0.600747 0.676737 0.194766 0.271536
1 0.75594 0.735778 0.191349 0.254458
1 0.111799 0.236169 0.202503 0.25155
1 0.179511 0.754893 0.185897 0.240482
1 0.0865992 0.582299 0.154549 0.255168
1 0.309434 0.180937 0.240613 0.311574
2 0.45318 0.369119 0.341806 0.495919
1 0.154335 0.921798 0.156429 0.150888
1 0.315337 0.862789 0.196722 0.234756
0 0.484287 0.326808 0.139631 0.160797
1 0.0327783 0.15098 0.0655565 0.25788
0 0.404477 0.485787 0.131701 0.173934
0 0.372989 0.319775 0.113712 0.171765
