1 0.776741 0.623942 0.203503 0.259957
2 0.553556 0.256449 0.35113 0.468383
1 0.807444 0.407984 0.176509 0.235535
1 0.374884 0.756333 0.235177 0.308644
1 0.2325 0.128402 0.186102 0.235092
1 0.382573 0.517611 0.185636 0.251156
1 0.353388 0.305542 0.182388 0.274801
1 0.891736 0.775706 0.215487 0.27719
1 0.928375 0.458669 0.142732 0.231641
1 0.155777 0.521764 0.213932 0.265995
0 0.485611 0.30079 0.10388 0.125701
1 0.298357 0.515179 0.180216 0.259148
1 0.969375 0.625116 0.061232 0.293745
1 0.715003 0.750092 0.191128 0.255431
0 0.520001 0.16981 0.131001 0.177086
