1 0.622244 0.552675 0.222912 0.300875
1 0.457202 0.82599 0.22122 0.310393
1 0.806362 0.589885 0.201543 0.265363
1 0.786375 0.117301 0.180115 0.234603
0 0.283159 0.282858 0.159463 0.208869
1 0.271772 0.612582 0.240053 0.310167
0 0.280163 0.426422 0.137597 0.159447
2 0.374478 0.362958 0.394717 0.469279
1 0.841357 0.325699 0.196526 0.26277
0 0.366497 0.451123 0.124463 0.173798
1 0.91969 0.669232 0.16062 0.291863
1 0.607849 0.117428 0.206365 0.234857
1 0.127181 0.419159 0.215387 0.328254
1 0.20925 0.881581 0.194699 0.23036
1 0.627594 0.200333 0.20014 0.255833
