1 0.807769 0.469867 0.217684 0.291648
1 0.198177 0.633391 0.224698 0.271015
1 0.924832 0.185767 0.150335 0.343178
1 0.281383 0.782868 0.207719 0.305219
1 0.119715 0.851324 0.179015 0.250411
1 0.549986 0.608484 0.20487 0.261166
1 0.36279 0.232047 0.221764 0.309053
1 0.176278 0.243166 0.202471 0.267438
0 0.711604 0.0964733 0.119974 0.131165
0 0.979473 0.814628 0.0406913 0.111405
1 0.430076 0.871539 0.178763 0.256922
1 0.939704 0.918049 0.120593 0.160154
2 0.629262 0.217054 0.429096 0.393954
1 0.811577 0.211231 0.163491 0.280936
0 0.525737 0.110105 0.128053 0.115729
