1 0.249395 0.311968 0.199629 0.254426
0 0.771148 0.72256 0.13175 0.170155
1 0.149947 0.160426 0.198571 0.262756
1 0.0894175 0.616193 0.178432 0.266438
1 0.64496 0.668096 0.186991 0.287452
1 0.92345 0.388215 0.152506 0.270216
1 0.736517 0.464706 0.211127 0.282462
1 0.566145 0.360843 0.196201 0.265357
2 0.339923 0.629193 0.413149 0.570532
1 0.41284 0.227101 0.182354 0.246776
1 0.0540186 0.783249 0.108037 0.24626
1 0.609808 0.890125 0.201763 0.217796
1 0.429184 0.908214 0.208541 0.180367
0 0.44627 0.659862 0.121044 0.170568
1 0.172178 0.882772 0.210826 0.223487
