1 0.240668 0.707925 0.218777 0.273341
1 0.440308 0.35324 0.222682 0.290472
1 0.19845 0.153601 0.213378 0.261249
1 0.240002 0.897204 0.212176 0.203806
1 0.834731 0.276905 0.195373 0.237106
1 0.582547 0.332256 0.197851 0.258811
1 0.716635 0.454326 0.191239 0.259304
1 0.140204 0.52079 0.242398 0.317448
1 0.3211 0.51629 0.192131 0.253122
1 0.761793 0.710516 0.221808 0.35356
1 0.918137 0.43209 0.163726 0.31469
1 0.537853 0.548825 0.223677 0.254296
1 0.111452 0.537717 0.186912 0.279806
1 0.566707 0.799848 0.356112 0.400303
