1 0.797069 0.65171 0.191575 0.257551
1 0.615411 0.56242 0.237948 0.308628
1 0.856792 0.418041 0.201296 0.242078
1 0.331716 0.665002 0.203639 0.262958
1 0.44778 0.477271 0.200801 0.276688
1 0.14572 0.637554 0.203934 0.282853
1 0.715836 0.826029 0.181842 0.256382
1 0.448507 0.863048 0.217842 0.229557
1 0.092666 0.831584 0.185332 0.262244
1 0.48926 0.112926 0.177213 0.225852
1 0.0912728 0.26934 0.177018 0.249716
2 0.322097 0.263244 0.352985 0.46569
1 0.910254 0.788865 0.160496 0.209025
1 0.65859 0.108666 0.206829 0.217332
1 0.434978 0.637679 0.199588 0.248522
1 0.536575 0.275927 0.196192 0.262647
