1 0.816495 0.335047 0.207588 0.278429
1 0.760646 0.831628 0.201836 0.244743
1 0.17497 0.378949 0.209186 0.24744
1 0.376752 0.355001 0.216642 0.267993
1 0.70295 0.408738 0.207239 0.259432
1 0.387026 0.123458 0.213218 0.246916
1 0.248581 0.168701 0.225653 0.270987
1 0.840646 0.625665 0.201393 0.248237
1 0.746752 0.634529 0.193923 0.253562
0 0.439493 0.689698 0.152671 0.179878
1 0.221932 0.594243 0.171928 0.239714
2 0.489093 0.779441 0.332751 0.418697
1 0.556155 0.272012 0.212201 0.227938
1 0.139059 0.578646 0.205609 0.225378
1 0.0295524 0.684358 0.0591048 0.275897
