1 0.442267 0.323535 0.169497 0.230249
0 0.231304 0.314913 0.135859 0.150654
1 0.744668 0.405509 0.257368 0.27483
1 0.397602 0.552318 0.159872 0.256
2 0.225549 0.416167 0.314939 0.40485
1 0.289916 0.838822 0.16905 0.23078
1 0.588769 0.260271 0.185234 0.25052
1 0.745878 0.606112 0.1729 0.235381
0 0.292772 0.441735 0.114414 0.163643
1 0.053632 0.545957 0.107264 0.271922
0 0.205948 0.505848 0.139348 0.153978
1 0.747872 0.826737 0.228033 0.186932
1 0.822303 0.186036 0.21364 0.279677
1 0.124601 0.829914 0.237338 0.270354
