1 0.326651 0.55241 0.185805 0.260237
1 0.727382 0.717406 0.220004 0.297922
1 0.295312 0.297073 0.230144 0.300282
1 0.679803 0.353906 0.19911 0.255308
1 0.168504 0.477385 0.205207 0.248948
1 0.801467 0.156354 0.216941 0.287306
1 0.152191 0.701938 0.231236 0.261348
1 0.129408 0.904524 0.197691 0.186113
1 0.911027 0.452103 0.177945 0.287029
0 0.494778 0.837148 0.125605 0.16314
1 0.257272 0.786202 0.180016 0.261245
0 0.573007 0.728771 0.146135 0.218855
2 0.487525 0.76717 0.396163 0.465203
1 0.444978 0.150029 0.181335 0.236589
1 0.560559 0.252624 0.175427 0.240923
1 0.643273 0.557279 0.187428 0.225142
1 0.91391 0.276011 0.147678 0.250731
1 0.0436269 0.461096 0.0872538 0.262054
0 0.407614 0.770109 0.147738 0.177634
1 0.702358 0.11868 0.208325 0.237195
