1 0.272353 0.68957 0.206885 0.270974
1 0.400521 0.470432 0.185141 0.255951
1 0.167156 0.278003 0.168824 0.219309
1 0.0902124 0.449908 0.178259 0.254076
1 0.287824 0.356425 0.140363 0.328328
1 0.55768 0.390531 0.200456 0.249886
1 0.89511 0.227012 0.209561 0.286264
1 0.0824464 0.123501 0.164411 0.24248
1 0.658639 0.174078 0.241182 0.310849
0 0.427394 0.811576 0.114532 0.141091
1 0.719219 0.727971 0.205784 0.36475
1 0.302142 0.103604 0.192868 0.207207
1 0.760919 0.370187 0.192665 0.258038
1 0.0803434 0.672978 0.160687 0.2848
2 0.505167 0.739905 0.367305 0.484085
0 0.582297 0.667726 0.142593 0.162376
1 0.693681 0.402516 0.18889 0.24894
0 0.571212 0.794699 0.15626 0.191544
0 0.426702 0.693107 0.121713 0.144424
1 0.0381982 0.666594 0.0763963 0.312746
