1 0.83848 0.759784 0.198864 0.268344
1 0.568439 0.544337 0.208144 0.273169
1 0.864289 0.285932 0.200825 0.264763
1 0.199134 0.397462 0.199602 0.250941
1 0.760367 0.327862 0.19854 0.26814
1 0.283821 0.187196 0.211479 0.272519
1 0.668489 0.771836 0.205428 0.285244
1 0.680386 0.52661 0.204414 0.27893
0 0.345682 0.723831 0.171351 0.17653
1 0.843161 0.102707 0.182611 0.20381
1 0.961441 0.587711 0.0767609 0.326536
1 0.419898 0.333487 0.227099 0.30387
1 0.548926 0.132126 0.24193 0.264252
0 0.323381 0.715805 0.14719 0.176061
2 0.326067 0.612499 0.377397 0.49972
