1 0.501181 0.209606 0.21574 0.264289
1 0.129279 0.341968 0.215598 0.257594
1 0.279949 0.295236 0.181671 0.235895
2 0.581138 0.518874 0.379235 0.505844
1 0.13758 0.583379 0.214304 0.322569
0 0.583075 0.377981 0.135203 0.172064
1 0.537089 0.870893 0.280119 0.258214
1 0.823321 0.904157 0.226057 0.187351
0 0.672924 0.496442 0.115032 0.16134
0 0.25449 0.586836 0.0769375 0.0976851
1 0.951221 0.341758 0.0966234 0.276986
0 0.567957 0.58266 0.105138 0.143811
1 0.879479 0.102152 0.182733 0.20376
1 0.862462 0.287703 0.188763 0.292684
1 0.377537 0.703414 0.202763 0.258072
1 0.263882 0.874583 0.21229 0.248181
0 0.490801 0.521033 0.116125 0.131544
0 0.677744 0.482246 0.0941064 0.138811
