1 0.798968 0.762442 0.22325 0.298471
1 0.441189 0.244227 0.228656 0.302305
1 0.800814 0.387925 0.198337 0.251081
1 0.440729 0.507442 0.18537 0.26189
1 0.298386 0.396328 0.202384 0.259904
1 0.343272 0.730957 0.1799 0.252079
1 0.739731 0.579142 0.178331 0.220919
1 0.200431 0.860527 0.197528 0.25518
1 0.915905 0.207973 0.168189 0.286274
1 0.25478 0.617979 0.227113 0.271312
0 0.650018 0.749543 0.145002 0.21914
0 0.559361 0.837049 0.124018 0.158984
2 0.564919 0.762955 0.386934 0.458544
1 0.70267 0.255051 0.174636 0.231951
1 0.853927 0.145706 0.204586 0.258618
1 0.959117 0.550716 0.0814728 0.293353
1 0.607265 0.132039 0.176556 0.248421
1 0.171824 0.222376 0.196072 0.247775
0 0.485147 0.745102 0.145884 0.173144
