1 0.79489 0.186697 0.199332 0.258842
1 0.447345 0.777457 0.204289 0.256508
1 0.678979 0.575769 0.193841 0.252167
1 0.784617 0.7186 0.187953 0.251914
1 0.273353 0.821192 0.187102 0.245291
0 0.255729 0.509329 0.135654 0.175532
1 0.557575 0.269937 0.230514 0.308847
1 0.785011 0.394599 0.179281 0.218235
1 0.602696 0.775515 0.201448 0.221852
1 0.0763129 0.511368 0.152626 0.218301
0 0.380561 0.378622 0.125967 0.176025
1 0.125071 0.618188 0.191603 0.250839
0 0.424901 0.50574 0.150873 0.221566
2 0.360893 0.459033 0.376438 0.492978
1 0.586984 0.380849 0.197624 0.252747
1 0.0356086 0.723636 0.0712171 0.30216
1 0.0895239 0.332041 0.177377 0.228818
