1 0.528347 0.551633 0.206601 0.282855
1 0.712772 0.722815 0.224325 0.291433
1 0.455487 0.340637 0.201601 0.253427
1 0.601656 0.20868 0.192803 0.253047
1 0.763761 0.484763 0.193096 0.254883
1 0.875006 0.482295 0.215929 0.286773
1 0.433529 0.771425 0.178728 0.278023
1 0.196168 0.665712 0.196329 0.277582
1 0.787701 0.234408 0.237413 0.29228
2 0.218935 0.341067 0.412425 0.453886
1 0.935076 0.673487 0.129849 0.26048
1 0.952171 0.277027 0.0952884 0.283627
1 0.546081 0.764423 0.212372 0.264117
1 0.2664 0.619582 0.211231 0.244402
1 0.228731 0.855932 0.199178 0.251389
0 0.304075 0.235748 0.134653 0.191795
0 0.295475 0.386722 0.0842 0.117395
