1 0.234805 0.405626 0.216199 0.268763
1 0.414744 0.320474 0.210819 0.30484
1 0.785595 0.824609 0.200009 0.250816
1 0.122596 0.170757 0.211472 0.261591
1 0.834874 0.61738 0.203157 0.292805
1 0.933365 0.490254 0.13327 0.293104
1 0.169084 0.759178 0.194326 0.245055
2 0.373734 0.733234 0.347569 0.499924
1 0.297477 0.120638 0.194562 0.241276
0 0.532582 0.612288 0.0806837 0.112579
0 0.594173 0.32476 0.0834349 0.109427
1 0.0457001 0.420989 0.0914001 0.297031
1 0.71481 0.364508 0.227092 0.343015
1 0.0419439 0.647508 0.0838877 0.247594
1 0.198091 0.527317 0.199027 0.276597
