1 0.390367 0.24993 0.211248 0.266314
1 0.373354 0.843146 0.200395 0.236334
1 0.253793 0.654745 0.172523 0.226765
1 0.145269 0.81339 0.190064 0.255765
1 0.649698 0.542018 0.197913 0.259085
1 0.740961 0.753339 0.220529 0.28893
1 0.382323 0.584657 0.155139 0.321856
1 0.499139 0.460468 0.189528 0.261473
1 0.0908018 0.276382 0.180947 0.290168
1 0.183058 0.493612 0.192395 0.245274
1 0.940425 0.709849 0.11915 0.289103
1 0.839354 0.134095 0.174911 0.221634
0 0.552969 0.128663 0.11328 0.137052
1 0.176671 0.260248 0.201614 0.271768
1 0.789856 0.505327 0.187145 0.2273
0 0.549166 0.245063 0.128857 0.150625
1 0.837455 0.247361 0.193229 0.277132
1 0.852142 0.552394 0.196496 0.266328
0 0.651901 0.0932611 0.114784 0.135999
2 0.613558 0.212638 0.380803 0.425276
1 0.701412 0.758156 0.223769 0.288603
0 0.69353 0.272979 0.140374 0.143912
