1 0.205611 0.497627 0.21956 0.272002
1 0.290384 0.325762 0.215248 0.297012
1 0.806913 0.468654 0.217767 0.292484
1 0.132078 0.304551 0.175054 0.247362
1 0.920552 0.715502 0.158897 0.344243
1 0.555473 0.407078 0.203445 0.252192
1 0.173304 0.880235 0.193741 0.237542
1 0.348527 0.845875 0.230735 0.301918
1 0.804359 0.719549 0.1558 0.270412
1 0.39984 0.494162 0.197653 0.273446
0 0.697003 0.868599 0.109081 0.12875
0 0.576234 0.739708 0.163085 0.216476
1 0.518267 0.105598 0.204638 0.211173
0 0.910919 0.417521 0.0746037 0.100539
