1 0.803741 0.860212 0.203391 0.262765
1 0.718045 0.360104 0.186406 0.279977
1 0.247096 0.251399 0.203158 0.251689
1 0.556126 0.865749 0.185119 0.256942
1 0.283328 0.749887 0.221327 0.288483
1 0.926018 0.558646 0.147964 0.266632
1 0.818368 0.50519 0.205488 0.34146
1 0.59854 0.677422 0.21302 0.23215
1 0.127557 0.149095 0.173439 0.297059
1 0.0456901 0.531049 0.0913803 0.288363
2 0.454468 0.188574 0.368685 0.374902
1 0.577009 0.48867 0.186798 0.226902
1 0.418924 0.707219 0.210006 0.337844
0 0.215278 0.441825 0.065387 0.0990359
