1 0.151323 0.736831 0.220134 0.296143
1 0.31671 0.774869 0.184814 0.256419
1 0.414825 0.536372 0.218236 0.310077
1 0.61436 0.737174 0.178163 0.244167
0 0.447151 0.172079 0.144404 0.183427
1 0.913624 0.749686 0.170069 0.20998
0 0.53951 0.218087 0.100948 0.142201
1 0.72593 0.686541 0.207325 0.264658
1 0.0536406 0.259301 0.107281 0.281044
1 0.19036 0.924293 0.191922 0.148269
1 0.497704 0.638841 0.168523 0.216036
1 0.242111 0.403707 0.234204 0.280508
1 0.202683 0.27266 0.238025 0.337492
1 0.836855 0.451231 0.247401 0.229011
1 0.6909 0.380456 0.206129 0.267767
