1 0.243307 0.455605 0.193184 0.250956
1 0.364706 0.779609 0.223527 0.257542
1 0.781311 0.149552 0.180056 0.266059
1 0.32513 0.260174 0.178713 0.235505
1 0.516097 0.193568 0.190296 0.256388
1 0.736833 0.756218 0.25896 0.265125
2 0.697941 0.457336 0.336029 0.513538
1 0.0930925 0.830602 0.163944 0.241323
1 0.059097 0.390968 0.118194 0.257522
1 0.431426 0.414298 0.215066 0.297604
1 0.240752 0.10041 0.180582 0.20082
1 0.0370517 0.154666 0.0741033 0.309332
1 0.400632 0.0995847 0.198625 0.19605
0 0.725306 0.37076 0.149997 0.182985
1 0.180187 0.651755 0.185611 0.283229
