1 0.681658 0.54072 0.21654 0.285087
1 0.477333 0.722477 0.23331 0.272712
1 0.52393 0.519193 0.190842 0.239712
1 0.924472 0.243687 0.151056 0.244451
1 0.797527 0.330275 0.212195 0.310852
1 0.725716 0.811473 0.207489 0.258298
1 0.942127 0.468771 0.114659 0.283348
1 0.810712 0.686632 0.230167 0.285274
0 0.811037 0.102069 0.12453 0.150888
1 0.331856 0.432216 0.214233 0.284029
0 0.496781 0.870918 0.0903018 0.098609
1 0.969635 0.682471 0.0607294 0.361366
1 0.935391 0.0960175 0.12878 0.192035
1 0.584588 0.219341 0.191203 0.237823
