1 0.269932 0.729083 0.229189 0.302587
2 0.51704 0.449496 0.353578 0.462863
1 0.261062 0.529332 0.188926 0.242927
1 0.177121 0.386996 0.217598 0.262483
1 0.861499 0.456543 0.214585 0.28753
1 0.765206 0.125235 0.202446 0.25047
1 0.723787 0.417322 0.189907 0.246396
1 0.634819 0.759409 0.231907 0.292745
0 0.140835 0.574021 0.0774082 0.0925773
1 0.141043 0.912747 0.206276 0.173718
1 0.12492 0.200077 0.185909 0.232911
1 0.389271 0.180846 0.188968 0.253575
1 0.0856293 0.797669 0.170712 0.323058
0 0.596723 0.508303 0.108878 0.163275
