1 0.745219 0.389829 0.192431 0.258222
1 0.703767 0.619472 0.187798 0.244471
1 0.554463 0.675626 0.187445 0.254056
1 0.0943971 0.286156 0.188794 0.252406
1 0.163352 0.691537 0.206288 0.267306
1 0.282371 0.604692 0.202557 0.251856
1 0.134657 0.885501 0.182331 0.185601
1 0.781539 0.841883 0.302682 0.316234
1 0.253024 0.310534 0.221468 0.27685
1 0.513146 0.424558 0.177562 0.244232
1 0.0340487 0.484829 0.0680974 0.277296
1 0.79077 0.15173 0.178111 0.269215
1 0.04749 0.149472 0.0949212 0.263162
1 0.33065 0.39651 0.242326 0.282808
