1 0.821987 0.321107 0.221883 0.279364
1 0.0956415 0.773071 0.191283 0.267382
0 0.424889 0.541466 0.151403 0.171439
1 0.584371 0.895729 0.200534 0.207406
1 0.763478 0.517805 0.264584 0.264459
1 0.0955673 0.465738 0.191066 0.280552
1 0.620778 0.706992 0.197967 0.245669
1 0.257893 0.744125 0.209645 0.273557
1 0.196159 0.44494 0.187503 0.268899
2 0.491828 0.451071 0.439831 0.485368
1 0.619034 0.190129 0.181524 0.285385
1 0.827467 0.735701 0.198967 0.261323
0 0.295305 0.140752 0.0889681 0.107646
1 0.929209 0.204567 0.141582 0.235496
1 0.850401 0.852436 0.179308 0.236495
1 0.931186 0.537495 0.137628 0.257467
1 0.401155 0.733709 0.205101 0.239003
1 0.181501 0.114952 0.212781 0.227719
