1 0.157442 0.861657 0.203748 0.272549
1 0.326577 0.80746 0.215982 0.268815
1 0.240747 0.600894 0.225417 0.295678
1 0.883062 0.432455 0.205847 0.269863
1 0.296458 0.346231 0.228447 0.270339
1 0.404903 0.558239 0.191831 0.266436
1 0.797998 0.657391 0.209209 0.270679
1 0.29814 0.130145 0.222103 0.243241
1 0.505478 0.856225 0.244784 0.284275
1 0.707654 0.649464 0.202547 0.265451
1 0.715343 0.311088 0.191199 0.236853
0 0.0953417 0.102225 0.0996493 0.150806
1 0.933696 0.274632 0.132333 0.215151
1 0.438408 0.4442 0.216222 0.255104
