1 0.486313 0.653728 0.210355 0.28027
1 0.772071 0.379664 0.22161 0.293934
1 0.617894 0.419734 0.192743 0.245148
2 0.655183 0.84996 0.272312 0.29705
1 0.0956969 0.497446 0.191394 0.283942
1 0.467492 0.279354 0.215661 0.237458
1 0.125959 0.672154 0.221357 0.242296
0 0.34811 0.820534 0.0827194 0.10603
1 0.395405 0.430452 0.191874 0.241274
1 0.0650152 0.168283 0.129813 0.235266
1 0.824894 0.615601 0.189102 0.268098
1 0.458325 0.906997 0.179335 0.181597
1 0.667075 0.590557 0.215814 0.300028
1 0.288706 0.246139 0.182988 0.259559
1 0.026254 0.373526 0.0524933 0.304331
1 0.111253 0.839976 0.222506 0.231057
