1 0.455521 0.812336 0.20744 0.270232
1 0.189594 0.214103 0.185377 0.24968
1 0.685291 0.262964 0.20846 0.273215
0 0.754966 0.510564 0.129655 0.171396
1 0.88046 0.146985 0.198094 0.258831
1 0.6269 0.48814 0.188446 0.284059
1 0.0849616 0.553184 0.168983 0.277594
1 0.0795488 0.109253 0.158566 0.218507
2 0.322763 0.512454 0.410777 0.559862
1 0.0613806 0.73045 0.122761 0.245243
1 0.502899 0.194923 0.188045 0.255051
1 0.336414 0.107461 0.180923 0.214921
1 0.622301 0.725929 0.208812 0.274683
0 0.706994 0.857172 0.081285 0.100611
0 0.426113 0.514122 0.12972 0.173494
1 0.0288516 0.365594 0.0577032 0.296596
