1 0.847471 0.892841 0.238991 0.211646
1 0.175096 0.550798 0.265758 0.290699
1 0.466343 0.435531 0.164182 0.237554
0 0.671112 0.421229 0.138228 0.156379
1 0.534461 0.241785 0.221406 0.311606
2 0.693502 0.514385 0.311474 0.411053
1 0.0896105 0.32439 0.17726 0.274547
1 0.760782 0.145897 0.153073 0.187662
1 0.899554 0.633491 0.151233 0.239358
0 0.621822 0.538097 0.117973 0.160872
1 0.542858 0.667269 0.165639 0.25055
1 0.31339 0.392125 0.187858 0.252068
1 0.200866 0.752742 0.187218 0.252364
1 0.657387 0.20833 0.170937 0.210809
1 0.0392161 0.824163 0.0784322 0.311768
