1 0.591025 0.11111 0.204728 0.22222
1 0.177624 0.338632 0.217052 0.310969
0 0.641699 0.293606 0.128418 0.173312
0 0.71373 0.438613 0.114047 0.159499
0 0.285764 0.39313 0.082759 0.105562
1 0.208857 0.123919 0.202256 0.247508
2 0.62219 0.430003 0.379825 0.500687
1 0.515557 0.779129 0.270323 0.33057
1 0.246969 0.691164 0.200603 0.252831
0 0.594565 0.483144 0.104738 0.1416
1 0.786453 0.890814 0.216108 0.201953
0 0.531332 0.398204 0.115461 0.14384
1 0.976069 0.829662 0.0478003 0.305555
1 0.921735 0.286236 0.156531 0.315427
0 0.718433 0.423552 0.0953148 0.138292
1 0.945652 0.117053 0.108627 0.214021
1 0.726308 0.722764 0.196503 0.247607
