1 0.339218 0.329961 0.18405 0.248869
1 0.318504 0.681418 0.199848 0.241724
1 0.469489 0.81298 0.228343 0.309451
1 0.777788 0.230295 0.225496 0.295195
1 0.448304 0.546286 0.188031 0.260137
1 0.636692 0.889309 0.182322 0.221177
1 0.806593 0.606894 0.205291 0.244263
2 0.542806 0.25782 0.40122 0.479138
1 0.731876 0.419699 0.182115 0.232972
0 0.531611 0.183814 0.121087 0.170038
0 0.632519 0.249576 0.13952 0.225989
1 0.207768 0.876571 0.186923 0.224622
1 0.953788 0.414424 0.0921659 0.292419
1 0.189046 0.232223 0.191949 0.245405
1 0.887749 0.861331 0.21786 0.265123
0 0.641623 0.244052 0.113478 0.181164
1 0.925883 0.764 0.148235 0.266213
1 0.722121 0.766712 0.183188 0.24549
