1 0.436045 0.622003 0.212818 0.254095
1 0.190169 0.364888 0.200766 0.26296
1 0.3323 0.229745 0.194449 0.287699
1 0.747252 0.348001 0.229348 0.321658
1 0.359747 0.740567 0.203932 0.274479
1 0.91351 0.349066 0.17298 0.264414
1 0.728226 0.646677 0.249653 0.339083
1 0.52129 0.303344 0.21978 0.251377
1 0.914329 0.12815 0.171342 0.246627
1 0.456177 0.868956 0.180749 0.236688
1 0.431143 0.424232 0.218714 0.250776
0 0.739705 0.123376 0.152668 0.186277
1 0.95832 0.276125 0.0830332 0.319157
1 0.6053 0.801246 0.178622 0.212121
