1 0.483177 0.670267 0.205775 0.262707
1 0.240731 0.498154 0.197489 0.251239
1 0.687394 0.674112 0.199307 0.25005
1 0.617589 0.461045 0.173957 0.254115
1 0.867833 0.706304 0.196902 0.287003
1 0.751105 0.879453 0.220589 0.241093
1 0.299821 0.733355 0.227204 0.284879
1 0.77602 0.27707 0.214631 0.259012
1 0.0940256 0.591963 0.187611 0.28502
1 0.775007 0.494384 0.189884 0.238874
1 0.105284 0.171612 0.19709 0.249411
2 0.458539 0.192158 0.357248 0.380553
1 0.932981 0.250603 0.134039 0.235865
1 0.432159 0.434772 0.248979 0.284947
1 0.224157 0.264528 0.198269 0.258831
1 0.930335 0.516759 0.13878 0.253738
1 0.156398 0.293155 0.192852 0.236433
