1 0.889436 0.618555 0.210436 0.284482
1 0.879483 0.873291 0.200055 0.253417
1 0.703324 0.48941 0.200148 0.257672
1 0.527904 0.493216 0.190254 0.303158
1 0.356586 0.628514 0.207708 0.289913
1 0.207401 0.691994 0.18956 0.232211
1 0.0857114 0.3843 0.168625 0.275688
1 0.120983 0.172462 0.196566 0.248407
1 0.401519 0.89382 0.177686 0.210007
1 0.549441 0.775987 0.211746 0.265955
1 0.941766 0.414485 0.116306 0.257931
0 0.667968 0.297098 0.16304 0.198628
1 0.701402 0.705691 0.201062 0.244326
1 0.0280092 0.513992 0.055988 0.292737
