1 0.735287 0.390232 0.177656 0.24261
1 0.575158 0.309869 0.18206 0.249156
1 0.158458 0.634588 0.203227 0.256626
1 0.314003 0.316454 0.195408 0.268801
1 0.614769 0.106288 0.215982 0.212575
1 0.83441 0.202111 0.192063 0.244153
1 0.845603 0.679079 0.197885 0.232607
1 0.897717 0.312425 0.20197 0.269112
1 0.397443 0.516911 0.198432 0.248834
1 0.915178 0.530046 0.168909 0.210687
1 0.368173 0.108358 0.200713 0.216716
1 0.220178 0.476479 0.19412 0.245684
1 0.969149 0.648387 0.0617016 0.302751
2 0.543668 0.752539 0.376389 0.494923
1 0.360278 0.866024 0.201308 0.230056
1 0.399086 0.389651 0.194873 0.231585
1 0.176582 0.0789455 0.174755 0.155628
