1 0.127703 0.58646 0.204268 0.279604
1 0.693351 0.77101 0.1877 0.261325
1 0.153832 0.129126 0.191119 0.255926
1 0.787963 0.583444 0.195942 0.237676
1 0.148152 0.79561 0.175007 0.225098
1 0.233269 0.564894 0.195349 0.264594
1 0.418631 0.376336 0.206714 0.269629
1 0.311342 0.382955 0.195108 0.264206
1 0.316119 0.139828 0.19305 0.276963
1 0.43894 0.830666 0.244164 0.334133
0 0.652739 0.240933 0.164999 0.188564
1 0.566153 0.63081 0.213936 0.272622
2 0.671828 0.327508 0.383253 0.506018
0 0.653805 0.408792 0.147748 0.178622
1 0.0346015 0.260953 0.069203 0.345918
