1 0.410428 0.896076 0.186403 0.207848
1 0.738582 0.747661 0.203689 0.270096
1 0.291115 0.513833 0.221183 0.302714
1 0.161849 0.691219 0.188282 0.244898
1 0.458772 0.711494 0.226836 0.272976
1 0.919384 0.74885 0.161231 0.284512
0 0.448913 0.458808 0.0798328 0.102951
0 0.651264 0.381874 0.0789598 0.113774
0 0.709703 0.248161 0.132899 0.158796
0 0.348727 0.268314 0.088459 0.119818
1 0.534054 0.386807 0.161135 0.231126
2 0.677222 0.184227 0.264772 0.317471
1 0.804981 0.542825 0.20367 0.298502
1 0.89896 0.350838 0.20208 0.337429
1 0.723269 0.506927 0.181156 0.26123
