1 0.925449 0.617212 0.148498 0.262113
1 0.629512 0.419316 0.200106 0.282278
1 0.310742 0.873398 0.229411 0.252326
2 0.190636 0.175201 0.330771 0.33663
1 0.836638 0.801264 0.184787 0.22898
1 0.887158 0.0994253 0.221195 0.198851
0 0.837522 0.493612 0.0761804 0.0905463
1 0.0636765 0.884587 0.127353 0.226427
1 0.378926 0.310255 0.216654 0.266343
1 0.625084 0.696978 0.183982 0.264293
1 0.721987 0.459971 0.22262 0.289308
1 0.181649 0.733531 0.226671 0.266394
1 0.61627 0.844857 0.176353 0.219971
1 0.476481 0.805058 0.193982 0.253199
1 0.153695 0.404597 0.245527 0.239498
1 0.0366481 0.657532 0.0732961 0.269888
1 0.107077 0.470834 0.208365 0.34045
