1 0.175213 0.645766 0.226961 0.3018
1 0.466672 0.579649 0.217879 0.290803
1 0.318103 0.761612 0.184472 0.252246
1 0.591039 0.872268 0.17631 0.243923
1 0.343954 0.372509 0.23066 0.275868
0 0.58326 0.248232 0.144224 0.186214
1 0.188429 0.119124 0.159199 0.238249
1 0.714379 0.868998 0.184561 0.262004
1 0.954807 0.283909 0.0902417 0.301715
1 0.759095 0.564508 0.203076 0.263579
1 0.146549 0.87234 0.205157 0.214632
0 0.653831 0.341376 0.10406 0.146732
2 0.66319 0.254382 0.383723 0.455046
0 0.580474 0.239821 0.115111 0.15305
