1 0.581491 0.48179 0.21342 0.306457
1 0.800723 0.320114 0.210504 0.312245
1 0.638813 0.686641 0.21041 0.275392
1 0.416328 0.709573 0.205751 0.309567
1 0.38124 0.889427 0.202225 0.217251
1 0.0677039 0.412776 0.134641 0.228036
1 0.868814 0.540482 0.259706 0.335943
0 0.325311 0.528171 0.124282 0.14802
0 0.387357 0.202893 0.112501 0.163717
1 0.173619 0.492839 0.168187 0.235433
0 0.308262 0.170935 0.137181 0.185222
1 0.21681 0.763812 0.246167 0.293739
1 0.10823 0.701055 0.171808 0.249016
2 0.367537 0.262212 0.398118 0.498856
1 0.634462 0.235798 0.207931 0.235833
0 0.613216 0.880541 0.0726251 0.0902031
1 0.0398825 0.618162 0.079765 0.33118
