1 0.39102 0.432351 0.174106 0.302374
1 0.536451 0.376992 0.194346 0.262424
1 0.714734 0.765129 0.214126 0.28815
1 0.214387 0.248814 0.191851 0.241527
1 0.25407 0.438189 0.166567 0.229764
1 0.334662 0.668975 0.208077 0.244306
1 0.468652 0.133963 0.207748 0.267686
1 0.125755 0.515498 0.171735 0.25492
1 0.928544 0.848008 0.142913 0.28294
0 0.654617 0.102123 0.114739 0.142874
1 0.666525 0.531144 0.206598 0.263161
1 0.907608 0.309765 0.184784 0.349171
1 0.812359 0.566866 0.186115 0.244779
1 0.961646 0.505551 0.0766394 0.299625
0 0.624975 0.19721 0.117081 0.142665
2 0.709895 0.212332 0.390581 0.424663
1 0.637415 0.746367 0.195479 0.290835
1 0.861677 0.650843 0.195554 0.260745
