1 0.395022 0.39243 0.213677 0.281056
1 0.298255 0.672468 0.192749 0.25271
2 0.197099 0.237993 0.302715 0.388465
1 0.800392 0.36396 0.187135 0.281117
1 0.896558 0.660401 0.184018 0.238472
1 0.2338 0.506089 0.198224 0.276055
1 0.464603 0.75862 0.21944 0.258114
1 0.0851771 0.583292 0.169703 0.258911
1 0.514507 0.565821 0.187224 0.254743
0 0.510144 0.167272 0.0823858 0.101361
0 0.650147 0.876243 0.0759984 0.103838
1 0.627432 0.4233 0.23063 0.286198
1 0.921328 0.425126 0.128866 0.313985
1 0.0364643 0.397471 0.0729216 0.334995
