1 0.389215 0.290297 0.224589 0.28017
1 0.605882 0.449507 0.207056 0.314239
1 0.8557 0.781479 0.185894 0.256694
1 0.775257 0.317127 0.186769 0.267072
0 0.308561 0.755319 0.121406 0.140907
1 0.692432 0.765538 0.190696 0.243209
2 0.41564 0.754718 0.381709 0.470499
1 0.166497 0.848574 0.215096 0.285189
1 0.256977 0.585068 0.224855 0.316024
1 0.940166 0.850347 0.119668 0.284874
1 0.14748 0.350958 0.179615 0.254666
0 0.343917 0.875352 0.159631 0.183285
1 0.685698 0.882247 0.181569 0.233172
0 0.376568 0.670947 0.11643 0.168649
1 0.960581 0.607048 0.0788241 0.280746
