1 0.770564 0.868511 0.218141 0.262977
1 0.33795 0.696197 0.204819 0.304408
1 0.166548 0.736158 0.197702 0.256369
1 0.817199 0.656699 0.203093 0.25608
1 0.0829186 0.515614 0.165718 0.26687
2 0.47853 0.32052 0.375963 0.500946
1 0.933212 0.438118 0.133577 0.256301
1 0.241038 0.433166 0.210051 0.307824
1 0.0788208 0.190791 0.156351 0.27315
1 0.0439888 0.70811 0.0879775 0.273553
0 0.474261 0.864572 0.0813066 0.104651
0 0.5425 0.574642 0.0869043 0.126781
0 0.497032 0.442505 0.142653 0.156811
1 0.333886 0.111511 0.204837 0.223022
1 0.309474 0.910257 0.190428 0.177649
