1 0.567054 0.595075 0.185754 0.247139
1 0.911784 0.602126 0.174721 0.242538
0 0.45406 0.184821 0.11877 0.164815
1 0.308722 0.119873 0.223481 0.239747
1 0.699641 0.483048 0.241648 0.272277
1 0.344908 0.734844 0.179475 0.29832
1 0.177767 0.661407 0.191351 0.304524
1 0.78986 0.188653 0.186547 0.256978
1 0.3856 0.465801 0.237049 0.278687
1 0.612208 0.807404 0.216366 0.265904
1 0.262333 0.410664 0.189405 0.272806
1 0.959094 0.686574 0.0818129 0.247799
1 0.88586 0.815985 0.18725 0.230207
0 0.649666 0.136851 0.153189 0.184197
1 0.480256 0.842941 0.189267 0.213389
1 0.938813 0.337285 0.122373 0.252518
0 0.780622 0.763909 0.0746952 0.0850917
