1 0.244699 0.473967 0.232441 0.295915
1 0.0868818 0.632375 0.171785 0.261543
1 0.781665 0.497148 0.224109 0.289798
1 0.773926 0.710774 0.180468 0.243279
2 0.439435 0.686756 0.355381 0.477467
1 0.0649729 0.867781 0.129553 0.264437
0 0.419965 0.794081 0.130311 0.15042
1 0.3941 0.199262 0.229874 0.27837
1 0.65816 0.352249 0.188217 0.25246
1 0.223505 0.681801 0.175142 0.246074
1 0.651943 0.770911 0.216147 0.280473
1 0.66207 0.156087 0.202592 0.259921
0 0.524197 0.638585 0.1285 0.19465
1 0.464674 0.388201 0.283379 0.299994
