1 0.276506 0.574961 0.232657 0.319488
1 0.255515 0.848416 0.202469 0.29112
1 0.858406 0.405568 0.219554 0.239907
1 0.328381 0.310292 0.209311 0.238402
2 0.553033 0.42519 0.354345 0.496071
1 0.752344 0.756595 0.203938 0.241185
1 0.1557 0.182597 0.193971 0.242853
1 0.0954934 0.378051 0.186587 0.224215
1 0.526333 0.844832 0.187692 0.260259
1 0.907409 0.220675 0.154997 0.254821
1 0.402439 0.726834 0.185688 0.281647
1 0.129669 0.441894 0.186874 0.234015
0 0.590905 0.446295 0.100046 0.143248
1 0.0437153 0.244106 0.0874307 0.230175
