1 0.724509 0.765704 0.213486 0.275573
1 0.355309 0.745152 0.209846 0.286025
1 0.676099 0.559942 0.196502 0.278392
1 0.189199 0.657345 0.178031 0.261904
2 0.845817 0.195732 0.308366 0.388283
1 0.507221 0.30602 0.184057 0.252926
1 0.67445 0.324063 0.200267 0.242658
1 0.448228 0.66599 0.192365 0.244144
1 0.825714 0.693507 0.189948 0.252962
1 0.567882 0.844118 0.221033 0.290282
1 0.25315 0.279781 0.185147 0.251217
1 0.914613 0.875122 0.170378 0.209941
1 0.357511 0.462427 0.206914 0.322898
1 0.951142 0.418593 0.0975109 0.316375
1 0.969065 0.63642 0.0618161 0.274708
1 0.911012 0.42581 0.177977 0.28546
