1 0.643475 0.274419 0.200001 0.267208
1 0.187338 0.315584 0.221311 0.298252
1 0.847178 0.35711 0.209559 0.279206
1 0.367781 0.190293 0.223774 0.259765
1 0.0859249 0.104571 0.169527 0.208983
0 0.225431 0.582181 0.0896237 0.114968
0 0.530464 0.589959 0.077366 0.105599
0 0.34145 0.433268 0.0795357 0.107892
0 0.581696 0.747361 0.123348 0.177183
1 0.774298 0.752988 0.210423 0.282154
1 0.417823 0.542669 0.168277 0.229809
2 0.542737 0.791042 0.272975 0.316684
1 0.06335 0.612943 0.1267 0.422138
1 0.676228 0.486244 0.236526 0.293209
