1 0.817548 0.730808 0.202639 0.259626
1 0.713556 0.464491 0.212309 0.314353
1 0.933642 0.770437 0.132716 0.270783
1 0.882466 0.423083 0.207585 0.28316
1 0.331747 0.770543 0.167322 0.230523
1 0.204312 0.213131 0.182252 0.249632
1 0.63249 0.621892 0.21411 0.268444
1 0.487077 0.808961 0.194508 0.200679
1 0.24061 0.611435 0.216264 0.262242
2 0.500818 0.250709 0.367534 0.473899
0 0.261653 0.311745 0.070932 0.083714
0 0.761528 0.253316 0.0855664 0.12147
1 0.316433 0.103882 0.193885 0.207765
0 0.261528 0.381453 0.069336 0.0815728
1 0.962732 0.541964 0.0744168 0.259324
0 0.883475 0.274966 0.063783 0.0771712
