1 0.414451 0.518016 0.211775 0.312145
1 0.138646 0.121261 0.194536 0.23952
1 0.250139 0.603189 0.207999 0.273149
1 0.766013 0.46972 0.223963 0.321525
0 0.692977 0.283999 0.120518 0.142374
1 0.647346 0.735748 0.236641 0.297843
1 0.816923 0.906537 0.195981 0.185925
1 0.0437636 0.236788 0.0875273 0.258884
2 0.590295 0.25026 0.408969 0.480288
1 0.890383 0.736927 0.181412 0.264463
1 0.150284 0.726279 0.228806 0.287759
0 0.635944 0.137669 0.123176 0.192405
1 0.307197 0.089943 0.168247 0.177524
0 0.655351 0.146609 0.160425 0.196995
