1 0.851624 0.582002 0.213961 0.271144
1 0.273931 0.134157 0.226349 0.268313
1 0.927265 0.410801 0.144587 0.27704
1 0.751191 0.247229 0.224574 0.255149
1 0.0868217 0.62155 0.167632 0.234458
1 0.411141 0.491973 0.195384 0.263399
1 0.607633 0.561324 0.202625 0.298751
1 0.661445 0.592429 0.206726 0.263279
1 0.170407 0.167407 0.179651 0.241903
1 0.373847 0.337466 0.238439 0.297848
0 0.565057 0.783803 0.144042 0.157067
0 0.450716 0.883804 0.130114 0.187277
1 0.406077 0.696273 0.164987 0.230513
2 0.548182 0.825752 0.35108 0.342548
