1 0.156983 0.489376 0.207632 0.265969
1 0.789365 0.451979 0.199892 0.262875
1 0.11898 0.725038 0.176984 0.24405
1 0.566844 0.248362 0.215432 0.296946
1 0.362315 0.418226 0.193174 0.269535
1 0.317878 0.640225 0.190176 0.230219
1 0.252124 0.256974 0.166488 0.219633
1 0.590492 0.484181 0.219301 0.260037
1 0.802566 0.755466 0.189889 0.256853
1 0.957765 0.72376 0.0844171 0.305584
1 0.903975 0.103184 0.19205 0.206368
2 0.544379 0.711497 0.35223 0.424625
1 0.88249 0.818615 0.208448 0.274833
1 0.978787 0.26753 0.042426 0.324031
0 0.394648 0.116089 0.0898908 0.10912
