1 0.28204 0.394651 0.228418 0.291946
1 0.345696 0.78092 0.214668 0.247011
1 0.352621 0.585996 0.192011 0.259297
1 0.913528 0.603601 0.172944 0.273071
2 0.588996 0.469722 0.333301 0.47539
1 0.554382 0.128286 0.226508 0.256571
1 0.856403 0.234596 0.227339 0.281181
1 0.592067 0.80535 0.17285 0.25579
0 0.632476 0.35941 0.115903 0.153284
1 0.9499 0.44426 0.0997185 0.254399
0 0.241766 0.623069 0.0834757 0.0920398
1 0.100848 0.494281 0.184462 0.29228
1 0.76891 0.360411 0.182393 0.230954
1 0.0618718 0.230939 0.123269 0.258003
1 0.0985448 0.287726 0.195208 0.221817
