1 0.848808 0.507278 0.217693 0.28968
1 0.196367 0.23205 0.201016 0.269799
1 0.709225 0.20504 0.203795 0.275144
1 0.280734 0.57773 0.191734 0.258967
1 0.740708 0.662962 0.16591 0.262948
1 0.861953 0.141213 0.183739 0.256622
1 0.880302 0.751737 0.193293 0.245165
1 0.0610433 0.336816 0.121969 0.258789
1 0.365511 0.185411 0.203235 0.266519
2 0.551957 0.408602 0.423446 0.551202
1 0.589912 0.770679 0.186709 0.25947
1 0.317034 0.372228 0.192543 0.24835
1 0.18484 0.863052 0.226745 0.272361
1 0.105513 0.553803 0.209592 0.272154
1 0.179896 0.750006 0.207413 0.254023
1 0.536456 0.116438 0.205536 0.232876
