1 0.417447 0.52619 0.216038 0.281606
1 0.943266 0.604226 0.113469 0.329488
1 0.327102 0.230781 0.196318 0.24672
2 0.21357 0.652393 0.286353 0.380876
1 0.824613 0.628649 0.197297 0.292511
1 0.0994383 0.282722 0.192812 0.256498
1 0.396716 0.805632 0.180131 0.222693
1 0.545015 0.379471 0.187214 0.260024
0 0.517436 0.76865 0.0818909 0.108317
1 0.920404 0.357166 0.159191 0.240948
1 0.502979 0.187559 0.217677 0.250679
1 0.675087 0.273383 0.192982 0.274992
1 0.0416383 0.440812 0.0832766 0.317948
1 0.186511 0.1215 0.215946 0.242999
1 0.765345 0.762391 0.22226 0.257532
0 0.697932 0.0963919 0.0774426 0.100071
1 0.958274 0.280426 0.0832328 0.304121
