1 0.683134 0.504473 0.2564 0.292619
1 0.811626 0.733834 0.205345 0.239431
1 0.247508 0.424416 0.254856 0.287428
1 0.643008 0.332094 0.202788 0.24804
1 0.244146 0.162802 0.21812 0.274375
1 0.546318 0.816332 0.22918 0.267668
1 0.85257 0.380005 0.198276 0.2653
0 0.0527726 0.573955 0.0948384 0.157884
0 0.103793 0.820727 0.140396 0.165181
1 0.599292 0.157951 0.180813 0.236937
1 0.574022 0.639772 0.17636 0.21892
2 0.145415 0.699339 0.275973 0.498054
1 0.0362209 0.383615 0.0724419 0.284483
1 0.411371 0.245312 0.196393 0.224908
0 0.144808 0.618083 0.124985 0.138611
1 0.477334 0.437258 0.200761 0.285049
1 0.92493 0.401643 0.14145 0.242459
