1 0.658735 0.316768 0.204976 0.278504
1 0.200187 0.264423 0.199789 0.298314
1 0.747412 0.747295 0.1933 0.26073
1 0.823352 0.524864 0.216637 0.291803
1 0.0938637 0.884763 0.186841 0.229681
1 0.327066 0.571913 0.209849 0.262776
1 0.60276 0.108853 0.20332 0.217706
1 0.509127 0.756044 0.175968 0.236473
1 0.550549 0.522889 0.175581 0.269384
1 0.322658 0.378145 0.19237 0.278167
1 0.665755 0.530351 0.206088 0.263619
1 0.348766 0.759532 0.216212 0.248268
1 0.0981943 0.681002 0.188965 0.236724
1 0.237689 0.901936 0.155445 0.193236
1 0.0689442 0.238956 0.137888 0.238023
1 0.396949 0.334115 0.206068 0.24575
0 0.443765 0.110208 0.0823433 0.126784
1 0.0747673 0.334072 0.149535 0.336913
