1 0.731748 0.296679 0.195564 0.261432
1 0.768378 0.593551 0.191949 0.248497
1 0.497796 0.21158 0.198952 0.2612
1 0.483336 0.874766 0.200726 0.250467
1 0.340385 0.193457 0.188913 0.285668
1 0.855411 0.407524 0.157968 0.256609
2 0.376586 0.556756 0.354102 0.49838
1 0.0783317 0.294785 0.156663 0.24458
1 0.256094 0.802651 0.246877 0.327063
1 0.84788 0.73937 0.131 0.247807
0 0.319438 0.456142 0.119325 0.170188
1 0.150177 0.31169 0.230115 0.281869
1 0.191972 0.132941 0.203089 0.225675
1 0.0341172 0.488129 0.0682345 0.304433
