1 0.173201 0.422271 0.248176 0.282983
1 0.223276 0.656844 0.192423 0.253468
1 0.198888 0.207934 0.222182 0.278652
1 0.176823 0.868113 0.203311 0.24379
0 0.460028 0.593651 0.151352 0.18355
1 0.531021 0.85683 0.216017 0.281637
1 0.791053 0.678336 0.219758 0.285112
1 0.71496 0.610502 0.198008 0.284274
1 0.620535 0.312738 0.203715 0.288191
1 0.409972 0.792004 0.20074 0.239453
0 0.739841 0.285444 0.0890459 0.10444
1 0.432358 0.185601 0.216399 0.286584
2 0.442564 0.488135 0.425673 0.530248
1 0.041505 0.336929 0.08301 0.282118
1 0.0656731 0.587667 0.131346 0.267339
1 0.682324 0.913248 0.225706 0.170068
1 0.856711 0.28221 0.218592 0.292485
