1 0.462696 0.657834 0.192982 0.287573
1 0.646723 0.727359 0.250882 0.284046
1 0.678042 0.356448 0.204202 0.26262
1 0.874496 0.619529 0.201454 0.234303
1 0.223665 0.793042 0.204087 0.235706
1 0.933519 0.266142 0.132521 0.24176
1 0.845358 0.809214 0.204496 0.267972
2 0.365541 0.336155 0.377755 0.467023
1 0.108982 0.503126 0.214149 0.260209
1 0.201064 0.113058 0.208475 0.226115
1 0.562743 0.299331 0.192059 0.27985
0 0.362799 0.808233 0.0910032 0.120694
1 0.912075 0.463922 0.175849 0.252487
1 0.89122 0.090757 0.192844 0.179576
1 0.791139 0.171025 0.19153 0.231772
