1 0.354349 0.813883 0.197972 0.277185
1 0.495462 0.713362 0.197686 0.253209
1 0.278782 0.561117 0.192841 0.277052
1 0.652729 0.830651 0.188612 0.220218
1 0.148295 0.611306 0.182094 0.263025
2 0.767022 0.23077 0.364145 0.46154
1 0.413606 0.298137 0.191353 0.233291
1 0.209481 0.336153 0.175535 0.240744
1 0.771378 0.683492 0.197409 0.267015
1 0.394577 0.103063 0.190838 0.206126
1 0.064748 0.393317 0.129496 0.284583
1 0.156898 0.878412 0.197073 0.242107
1 0.938867 0.574472 0.120916 0.268236
1 0.239865 0.119289 0.183451 0.235572
0 0.704889 0.0937433 0.115194 0.155984
