1 0.206438 0.440969 0.19938 0.27541
1 0.604142 0.574317 0.187834 0.252151
1 0.109028 0.872545 0.218057 0.254909
1 0.0699413 0.3763 0.138075 0.32665
1 0.65811 0.861928 0.18528 0.248824
1 0.273748 0.226329 0.210708 0.265221
1 0.814703 0.821664 0.17999 0.236798
1 0.461281 0.212857 0.215397 0.286364
1 0.522109 0.401509 0.210866 0.287112
1 0.264665 0.821725 0.187682 0.241051
2 0.3668 0.611883 0.302229 0.440502
1 0.605065 0.138474 0.233662 0.276949
0 0.313358 0.498053 0.120515 0.141643
1 0.0359856 0.772706 0.0718696 0.264778
