1 0.725924 0.742262 0.198509 0.266592
1 0.315117 0.505357 0.165337 0.24312
1 0.769981 0.509993 0.236963 0.311167
1 0.429824 0.808302 0.226428 0.286581
2 0.516346 0.448633 0.337496 0.425207
1 0.938738 0.337539 0.121102 0.285873
1 0.630147 0.193176 0.240261 0.280785
1 0.205218 0.324005 0.196486 0.233303
1 0.571977 0.878465 0.196518 0.24277
1 0.862876 0.31726 0.214656 0.278159
1 0.307315 0.150687 0.197356 0.287509
1 0.95243 0.564719 0.0948098 0.290977
1 0.239451 0.576552 0.16917 0.207092
0 0.449804 0.53194 0.120117 0.14173
0 0.486592 0.33379 0.109301 0.127699
