1 0.483509 0.270319 0.209156 0.275972
1 0.566477 0.51136 0.194437 0.263722
1 0.42737 0.582936 0.1671 0.311807
1 0.175129 0.180419 0.204513 0.281151
1 0.763546 0.868991 0.212821 0.262019
1 0.243563 0.421126 0.195348 0.235808
1 0.291294 0.609107 0.166971 0.228215
1 0.386619 0.830234 0.205607 0.23729
1 0.699311 0.650423 0.204095 0.257466
1 0.170332 0.706055 0.168785 0.248738
0 0.666708 0.220207 0.114772 0.143581
1 0.269805 0.194795 0.199799 0.277709
1 0.849107 0.667129 0.185551 0.239732
1 0.917785 0.426039 0.16443 0.292173
1 0.954788 0.896697 0.0904239 0.206607
1 0.930469 0.333107 0.139062 0.234918
0 0.645151 0.323273 0.121978 0.145846
2 0.720816 0.294036 0.391517 0.494981
0 0.812179 0.289567 0.155302 0.20092
0 0.769202 0.223948 0.116743 0.139078
1 0.904951 0.742565 0.182229 0.25207
1 0.977999 0.587576 0.0439367 0.278854
