1 0.616586 0.640935 0.192408 0.272073
1 0.73938 0.787971 0.187688 0.245429
2 0.419674 0.723925 0.360185 0.485304
1 0.607432 0.200021 0.233979 0.295647
1 0.590068 0.434305 0.183661 0.258452
1 0.159037 0.632722 0.183968 0.237456
1 0.82391 0.381188 0.223612 0.26813
1 0.0928553 0.290535 0.185369 0.279514
1 0.0561338 0.600522 0.112249 0.240342
0 0.433726 0.803309 0.12869 0.164398
0 0.477572 0.673634 0.11819 0.140141
1 0.679113 0.409927 0.193987 0.265858
1 0.259406 0.263775 0.203861 0.24705
1 0.161376 0.861079 0.206635 0.260743
