1 0.451241 0.553871 0.222262 0.287075
1 0.800935 0.717844 0.205348 0.269894
1 0.275559 0.512661 0.199712 0.26603
1 0.806927 0.203594 0.189909 0.272657
1 0.631556 0.529809 0.188662 0.27174
2 0.61038 0.252764 0.35349 0.453101
1 0.12738 0.638303 0.228548 0.292438
0 0.66953 0.200524 0.111447 0.130661
0 0.612425 0.324017 0.125862 0.151124
1 0.655472 0.835269 0.204321 0.203632
1 0.265983 0.303658 0.191052 0.249339
1 0.891069 0.399295 0.160977 0.25816
1 0.354629 0.303364 0.175371 0.242115
0 0.338414 0.838348 0.143181 0.142153
