1 0.822724 0.556177 0.24296 0.293158
1 0.406947 0.427012 0.252974 0.297856
1 0.779271 0.82707 0.216265 0.287664
1 0.327234 0.173414 0.203193 0.240588
1 0.428037 0.786431 0.182895 0.240959
1 0.417377 0.602615 0.216336 0.24753
1 0.217448 0.884495 0.195819 0.229996
1 0.214923 0.523074 0.199443 0.264021
1 0.545624 0.304815 0.17658 0.228687
1 0.633948 0.723218 0.200998 0.207384
1 0.603088 0.143652 0.222981 0.248377
1 0.309073 0.894675 0.181304 0.208278
1 0.911154 0.106809 0.177692 0.213277
1 0.605698 0.560227 0.188895 0.22446
2 0.927593 0.300522 0.144639 0.573906
0 0.94968 0.378428 0.100418 0.142211
1 0.970508 0.789608 0.058974 0.304577
1 0.543139 0.878973 0.194054 0.236653
1 0.205286 0.199811 0.202157 0.266154
1 0.155387 0.50399 0.13534 0.231135
