1 0.89009 0.649152 0.211121 0.270285
1 0.826522 0.460589 0.258594 0.255898
1 0.127819 0.360703 0.230892 0.27197
1 0.312955 0.349591 0.211615 0.271156
1 0.691067 0.820981 0.174869 0.283313
0 0.482188 0.505548 0.152785 0.184085
1 0.673976 0.303587 0.19616 0.239687
1 0.152372 0.658812 0.201848 0.281845
1 0.630722 0.116046 0.194845 0.232093
1 0.458543 0.327758 0.199917 0.244235
1 0.904207 0.108 0.174764 0.216001
1 0.964888 0.394993 0.0700458 0.274568
2 0.550905 0.575408 0.411254 0.510263
1 0.865618 0.843824 0.211739 0.201364
1 0.466074 0.842713 0.209518 0.288707
1 0.880698 0.237046 0.190097 0.242426
1 0.255851 0.659465 0.20199 0.267909
