1 0.843866 0.796002 0.214801 0.290405
1 0.915897 0.541028 0.168205 0.267592
1 0.281746 0.678353 0.195057 0.258974
1 0.642487 0.450321 0.162424 0.246358
1 0.548507 0.7175 0.202548 0.267651
1 0.380589 0.864151 0.227424 0.259905
1 0.748608 0.605538 0.19153 0.246142
1 0.159681 0.852644 0.196084 0.267961
1 0.108615 0.450874 0.178443 0.260502
1 0.799557 0.394559 0.178307 0.22583
2 0.436368 0.234778 0.356316 0.469556
1 0.431166 0.537482 0.18729 0.266059
1 0.763496 0.184747 0.20491 0.260053
1 0.944949 0.313859 0.109567 0.257228
1 0.246126 0.462636 0.171926 0.238326
1 0.167724 0.527515 0.201023 0.254574
1 0.481761 0.506722 0.198767 0.234103
1 0.213861 0.1577 0.182009 0.242096
