1 0.625549 0.638999 0.179569 0.243609
1 0.394013 0.791515 0.231298 0.290423
1 0.17277 0.58732 0.253469 0.349802
1 0.795908 0.613969 0.187579 0.249746
1 0.909995 0.637161 0.180009 0.307601
1 0.492197 0.397098 0.244693 0.283959
2 0.404365 0.188849 0.379759 0.372371
0 0.299852 0.0946157 0.120466 0.167157
1 0.160427 0.123123 0.175967 0.246247
1 0.321228 0.364943 0.216874 0.246826
1 0.0821455 0.791277 0.164291 0.293973
1 0.905954 0.399559 0.188093 0.241565
1 0.654717 0.220709 0.210759 0.234177
1 0.95391 0.433352 0.0919568 0.299909
