1 0.803499 0.614021 0.212513 0.286331
1 0.693162 0.29675 0.197454 0.270739
1 0.812725 0.856528 0.190006 0.237911
1 0.177367 0.254332 0.207662 0.265048
1 0.683659 0.752474 0.172141 0.257553
2 0.516579 0.481718 0.404823 0.545351
1 0.852211 0.260523 0.178385 0.264733
1 0.537441 0.153315 0.205239 0.297815
1 0.230412 0.611202 0.179885 0.255896
1 0.107963 0.870571 0.215925 0.258857
1 0.284102 0.411932 0.189779 0.2434
1 0.354408 0.235765 0.204568 0.266952
1 0.521664 0.839108 0.18107 0.259168
1 0.0463604 0.337699 0.0927209 0.263688
1 0.363082 0.667352 0.16211 0.315437
1 0.0801319 0.559306 0.160151 0.259521
0 0.63572 0.044687 0.0940781 0.0891073
1 0.10898 0.767725 0.200531 0.24928
