1 0.365664 0.319684 0.210374 0.294283
1 0.754237 0.390347 0.241215 0.31401
1 0.853414 0.679655 0.196267 0.244139
1 0.890541 0.85498 0.194593 0.271219
1 0.559275 0.420718 0.206248 0.280451
1 0.128175 0.743964 0.192426 0.267901
1 0.134028 0.503626 0.212394 0.282646
1 0.566672 0.721188 0.228908 0.291839
1 0.696525 0.180918 0.195854 0.263332
1 0.955484 0.511198 0.0888118 0.274751
1 0.308187 0.775923 0.220484 0.264764
0 0.545534 0.901926 0.117442 0.148815
1 0.737837 0.542576 0.196632 0.24711
1 0.95622 0.679708 0.0874462 0.248692
0 0.472293 0.947393 0.117716 0.101525
