1 0.288533 0.334768 0.194163 0.254296
1 0.622633 0.397225 0.21347 0.270314
1 0.910712 0.433734 0.177449 0.282984
1 0.79609 0.620913 0.214561 0.262902
1 0.625532 0.150375 0.22825 0.25802
1 0.79945 0.255285 0.171965 0.222292
1 0.200029 0.760298 0.185894 0.234682
1 0.612626 0.668116 0.199253 0.263948
2 0.125986 0.465189 0.250188 0.497133
1 0.318964 0.89047 0.178096 0.216638
1 0.313769 0.683583 0.19338 0.235719
1 0.683459 0.865491 0.191441 0.255227
1 0.147108 0.211614 0.165329 0.196605
1 0.91958 0.75404 0.16084 0.294005
0 0.111321 0.413096 0.14466 0.19348
