1 0.404013 0.869351 0.211979 0.255653
2 0.456269 0.544853 0.382222 0.503473
0 0.473734 0.663695 0.139381 0.1701
0 0.118921 0.51549 0.073685 0.0972796
1 0.174135 0.807578 0.184591 0.241204
0 0.364602 0.555735 0.112525 0.131068
1 0.846014 0.682075 0.104905 0.271872
1 0.577241 0.275733 0.19702 0.254696
1 0.0970421 0.214385 0.190444 0.251384
1 0.793815 0.89964 0.19191 0.196795
1 0.0542642 0.541875 0.108528 0.337824
1 0.640422 0.897686 0.189229 0.197524
1 0.760215 0.740507 0.189329 0.291185
0 0.545272 0.5652 0.114822 0.136497
1 0.0643682 0.776953 0.128335 0.256994
