1 0.860177 0.432103 0.192956 0.241957
1 0.816307 0.713087 0.176799 0.238151
0 0.492106 0.876867 0.111652 0.148479
1 0.457943 0.241193 0.208573 0.269824
0 0.605694 0.629689 0.138132 0.1865
1 0.701583 0.481595 0.24671 0.271953
1 0.228071 0.178463 0.207048 0.256551
1 0.113565 0.859826 0.172467 0.274668
1 0.750234 0.226528 0.210294 0.25717
1 0.267127 0.579294 0.238628 0.268132
1 0.922766 0.609317 0.143898 0.283708
1 0.32869 0.321558 0.183164 0.217317
2 0.552576 0.733339 0.441461 0.4689
1 0.107063 0.376617 0.213295 0.288419
