1 0.10368 0.348394 0.205507 0.295786
1 0.823537 0.25081 0.187594 0.228944
1 0.219619 0.701347 0.222399 0.274999
1 0.833696 0.640267 0.172602 0.247019
1 0.482004 0.894729 0.227439 0.20595
1 0.325144 0.326051 0.180233 0.243574
1 0.649689 0.398447 0.199813 0.297847
1 0.856528 0.426034 0.16569 0.244209
0 0.449251 0.431851 0.164943 0.202378
1 0.722 0.798335 0.227306 0.269578
1 0.20496 0.158055 0.214638 0.302817
2 0.471101 0.562636 0.377871 0.542112
1 0.071123 0.830614 0.142246 0.330777
1 0.0852751 0.555672 0.168482 0.280779
0 0.486012 0.57399 0.115829 0.147309
1 0.46879 0.266299 0.175076 0.235735
1 0.0668863 0.783034 0.132332 0.235744
0 0.378034 0.577652 0.132496 0.163993
