1 0.195285 0.200326 0.185515 0.232726
1 0.397466 0.352475 0.220106 0.268396
1 0.535177 0.263356 0.186373 0.226303
1 0.738464 0.799061 0.235474 0.281144
0 0.598395 0.68512 0.121337 0.164724
1 0.912119 0.265561 0.175762 0.301001
1 0.76384 0.166708 0.182035 0.286402
1 0.688109 0.42053 0.216159 0.277187
0 0.401374 0.714721 0.156578 0.182323
1 0.273378 0.635166 0.191822 0.255607
1 0.114737 0.115629 0.175055 0.230044
1 0.0383336 0.556573 0.0766672 0.319775
1 0.806919 0.487514 0.20561 0.290098
0 0.013721 0.733495 0.0271494 0.102004
