1 0.756537 0.703515 0.222311 0.298687
1 0.120603 0.646014 0.231041 0.319615
1 0.579696 0.67736 0.195902 0.279121
1 0.0671452 0.3331 0.133655 0.276394
1 0.728296 0.920623 0.181237 0.155807
1 0.0493486 0.804119 0.0986972 0.263452
0 0.426857 0.226981 0.10599 0.147851
1 0.480447 0.820075 0.18545 0.254649
2 0.493378 0.201909 0.341749 0.387008
1 0.854288 0.520925 0.178169 0.287741
1 0.105818 0.890757 0.210276 0.215162
1 0.034915 0.55343 0.06983 0.269462
1 0.294087 0.777378 0.216536 0.29922
1 0.18212 0.304667 0.168669 0.240285
