1 0.31606 0.299447 0.186984 0.257886
1 0.768048 0.581945 0.199055 0.283762
0 0.897154 0.610488 0.13185 0.171177
1 0.184006 0.164075 0.1988 0.26503
1 0.214423 0.635214 0.190631 0.272053
1 0.816187 0.360016 0.215507 0.278587
2 0.463145 0.600951 0.416987 0.558903
1 0.458426 0.183973 0.179478 0.237161
1 0.631961 0.286383 0.193236 0.261528
1 0.108416 0.45429 0.165519 0.269096
0 0.566445 0.605691 0.136316 0.18431
1 0.953107 0.23523 0.0937853 0.274651
1 0.777183 0.823394 0.202384 0.272042
0 0.864178 0.949325 0.0833508 0.093853
1 0.559661 0.0930124 0.175818 0.185433
1 0.975813 0.506247 0.0483683 0.337023
