1 0.777838 0.775646 0.204787 0.270501
0 0.67315 0.536804 0.151347 0.159068
1 0.828974 0.5392 0.227539 0.320919
0 0.57572 0.304235 0.114349 0.165245
1 0.631879 0.701095 0.229499 0.262773
1 0.185203 0.556763 0.260446 0.354027
1 0.501172 0.748219 0.210966 0.293638
2 0.618276 0.43024 0.355765 0.43004
1 0.844676 0.91936 0.165827 0.156423
1 0.404074 0.353084 0.190335 0.25855
1 0.0578216 0.757012 0.115643 0.296843
1 0.232736 0.8422 0.195505 0.263115
1 0.100037 0.441096 0.200073 0.274762
1 0.903937 0.663982 0.168444 0.256198
