1 0.673595 0.518199 0.194868 0.244637
1 0.855221 0.411649 0.213151 0.280268
1 0.499383 0.495881 0.178422 0.297341
1 0.841001 0.148617 0.200095 0.277078
1 0.327262 0.341575 0.2052 0.28357
1 0.102628 0.771733 0.190572 0.250573
1 0.670598 0.306507 0.188488 0.234929
1 0.928761 0.629901 0.142478 0.229864
1 0.176112 0.261846 0.192367 0.226519
1 0.0712769 0.556577 0.141794 0.271321
1 0.513027 0.221548 0.202487 0.256506
0 0.645972 0.696488 0.177957 0.236708
0 0.645073 0.6708 0.15716 0.193503
1 0.361848 0.0964271 0.172419 0.192344
