1 0.184385 0.86702 0.254005 0.263493
1 0.322666 0.574328 0.19507 0.248105
1 0.836821 0.198163 0.205198 0.229171
1 0.480255 0.331245 0.209521 0.350833
2 0.817352 0.432141 0.345365 0.423093
1 0.955722 0.601357 0.0885564 0.335088
1 0.628665 0.133974 0.200105 0.225218
0 0.849099 0.362164 0.131288 0.161712
0 0.871466 0.504223 0.155909 0.192445
1 0.0752918 0.34201 0.148962 0.273461
1 0.618462 0.311919 0.172768 0.236682
1 0.784923 0.879819 0.323748 0.235219
1 0.359162 0.217638 0.163779 0.241098
0 0.856556 0.517344 0.127993 0.152444
0 0.494154 0.957595 0.0864848 0.0834218
