1 0.764354 0.472365 0.212023 0.252571
1 0.55702 0.400405 0.21797 0.272112
1 0.10872 0.281355 0.207034 0.287517
1 0.682649 0.242071 0.233105 0.289509
1 0.722733 0.681203 0.182078 0.24544
1 0.183324 0.787615 0.219358 0.259542
1 0.537386 0.160655 0.225817 0.273569
1 0.231148 0.378612 0.199774 0.2604
1 0.948213 0.843775 0.102996 0.228378
1 0.102434 0.570428 0.203804 0.260345
2 0.458052 0.789695 0.338085 0.419811
1 0.37124 0.275888 0.218992 0.247274
1 0.194708 0.591544 0.196701 0.2583
1 0.835254 0.873769 0.162844 0.201778
1 0.811001 0.680025 0.209836 0.236718
1 0.27552 0.933706 0.196006 0.12984
