1 0.850397 0.452595 0.227638 0.28574
1 0.690622 0.72897 0.199834 0.274752
1 0.185997 0.619585 0.20255 0.272502
1 0.84348 0.825557 0.193582 0.266074
1 0.290169 0.285096 0.186207 0.257024
1 0.89148 0.213736 0.197739 0.26001
1 0.521605 0.835507 0.207728 0.311577
1 0.750633 0.281929 0.17159 0.260464
2 0.5498 0.48796 0.424253 0.557394
1 0.353926 0.695987 0.204371 0.263272
1 0.0627167 0.485008 0.125433 0.265162
1 0.311633 0.500711 0.183685 0.250693
1 0.43412 0.268871 0.190187 0.304953
1 0.112482 0.275847 0.208434 0.272277
1 0.608731 0.147669 0.186589 0.247588
0 0.594391 0.953865 0.102348 0.0904106
