1 0.83409 0.569765 0.197417 0.247698
1 0.778318 0.341797 0.220867 0.28456
1 0.350749 0.429384 0.211551 0.312726
1 0.0932188 0.555942 0.186438 0.269983
1 0.176945 0.355291 0.193763 0.259676
1 0.267039 0.670286 0.202725 0.292725
2 0.508043 0.788269 0.350062 0.421523
1 0.951167 0.825677 0.0970818 0.244306
1 0.798559 0.128296 0.178954 0.256592
1 0.0502641 0.337308 0.100528 0.276682
1 0.109757 0.872255 0.171777 0.251003
0 0.482466 0.287886 0.0817055 0.107883
0 0.56347 0.59249 0.0857594 0.119049
1 0.579516 0.223165 0.230768 0.321358
0 0.519684 0.710939 0.129297 0.158698
1 0.30376 0.186441 0.185361 0.215317
