1 0.747203 0.867803 0.231741 0.264395
1 0.903553 0.42566 0.192895 0.286944
1 0.903032 0.695495 0.193935 0.282444
1 0.555666 0.393404 0.185424 0.301277
1 0.727937 0.344322 0.195435 0.257657
1 0.242747 0.673997 0.192936 0.235324
1 0.151088 0.171648 0.192127 0.241544
1 0.390725 0.570854 0.207989 0.276192
1 0.108915 0.39864 0.183344 0.270045
1 0.438734 0.841384 0.181632 0.247061
1 0.731873 0.560271 0.197532 0.235006
1 0.581572 0.670476 0.207765 0.268348
1 0.95244 0.204343 0.095119 0.250792
0 0.687501 0.166148 0.164227 0.219083
