1 0.425424 0.289976 0.214424 0.271333
1 0.224707 0.461113 0.221308 0.274448
1 0.12986 0.241006 0.19682 0.281068
1 0.761816 0.320321 0.196769 0.263044
1 0.307219 0.722367 0.186204 0.252577
1 0.402643 0.555671 0.206286 0.26581
1 0.798139 0.757882 0.186507 0.2381
1 0.2655 0.107231 0.177056 0.214462
2 0.886203 0.507633 0.227594 0.515731
1 0.917514 0.240204 0.163186 0.202447
1 0.664063 0.862824 0.176429 0.234927
0 0.919081 0.44163 0.149809 0.17919
1 0.696257 0.656499 0.205108 0.246111
1 0.085391 0.551695 0.168636 0.288788
