1 0.441842 0.344443 0.208911 0.283063
1 0.208422 0.278863 0.212989 0.276923
1 0.744178 0.164915 0.211285 0.268361
0 0.551762 0.854974 0.129638 0.162178
1 0.848313 0.889136 0.164137 0.215881
0 0.496568 0.754799 0.110978 0.168462
0 0.657545 0.532328 0.112787 0.152011
1 0.893733 0.602351 0.16211 0.24815
1 0.30839 0.497424 0.187836 0.241224
1 0.82084 0.433079 0.244901 0.278626
1 0.947685 0.86717 0.104631 0.249185
2 0.542811 0.709148 0.38713 0.512571
1 0.449416 0.126179 0.218574 0.252358
1 0.302684 0.69 0.194304 0.208041
1 0.772377 0.712446 0.171078 0.226538
1 0.97861 0.344868 0.0427368 0.311725
