1 0.25256 0.670223 0.177439 0.241236
1 0.656124 0.287343 0.233157 0.29624
1 0.713132 0.726082 0.192737 0.271316
1 0.106471 0.630138 0.186411 0.232663
2 0.517218 0.775988 0.338297 0.448025
1 0.848292 0.880121 0.198418 0.239757
0 0.546278 0.873533 0.119737 0.15783
1 0.88794 0.488998 0.220345 0.276668
1 0.666764 0.513722 0.179538 0.261506
0 0.572496 0.745196 0.116277 0.141592
1 0.804332 0.180925 0.230332 0.257306
1 0.125004 0.314098 0.234241 0.267486
1 0.230706 0.885082 0.266214 0.227674
1 0.282754 0.884685 0.182328 0.227439
0 0.44721 0.748646 0.14635 0.179387
1 0.315508 0.322094 0.191776 0.248876
