1 0.0929535 0.86102 0.18459 0.237143
1 0.392733 0.482782 0.194596 0.271871
2 0.864592 0.246224 0.270816 0.368626
1 0.0618456 0.667995 0.123552 0.268349
1 0.286999 0.524611 0.202596 0.290655
0 0.164051 0.550548 0.0786459 0.0922927
1 0.649777 0.658337 0.264508 0.326588
1 0.753257 0.808873 0.251057 0.281241
1 0.667564 0.382016 0.221212 0.271764
1 0.871604 0.539227 0.256793 0.387026
1 0.249096 0.128404 0.175261 0.256808
1 0.446561 0.868128 0.206289 0.250985
0 0.838985 0.197724 0.141655 0.176692
1 0.857503 0.928319 0.136259 0.139462
