1 0.309142 0.6015 0.209197 0.290722
1 0.532433 0.676066 0.20538 0.273869
1 0.667572 0.459394 0.211287 0.30437
1 0.74403 0.725911 0.19268 0.258675
0 0.689584 0.18797 0.134986 0.160334
1 0.169814 0.27692 0.199216 0.30087
1 0.943864 0.38578 0.112272 0.25755
1 0.906522 0.712122 0.186955 0.257557
1 0.235764 0.750185 0.190348 0.283582
1 0.256875 0.117234 0.203022 0.234467
1 0.115416 0.466115 0.153024 0.243111
1 0.564291 0.915809 0.185477 0.165293
1 0.522749 0.247894 0.193514 0.252345
1 0.957587 0.618515 0.0845892 0.302464
1 0.704582 0.843195 0.234858 0.306587
0 0.782043 0.242386 0.0922434 0.145019
