1 0.160286 0.460304 0.188911 0.249994
1 0.469766 0.700909 0.200458 0.317045
1 0.712888 0.798379 0.235457 0.276643
1 0.925933 0.664121 0.148135 0.269367
1 0.830135 0.194487 0.235035 0.281839
0 0.698022 0.332822 0.1369 0.153005
1 0.0590454 0.440635 0.118091 0.275648
1 0.322209 0.873979 0.196748 0.252043
0 0.637167 0.429396 0.138992 0.178398
0 0.642544 0.228111 0.173667 0.192927
1 0.25526 0.780956 0.259066 0.25879
1 0.0641678 0.66091 0.127124 0.265926
1 0.793412 0.473769 0.221822 0.319832
2 0.595499 0.337715 0.402092 0.522173
1 0.321591 0.420166 0.207335 0.24791
1 0.197227 0.68953 0.201459 0.24876
