1 0.259458 0.26821 0.18331 0.238049
0 0.725938 0.779151 0.131037 0.152427
1 0.522352 0.67536 0.174898 0.251553
1 0.363126 0.665205 0.195536 0.263315
2 0.752198 0.677781 0.324679 0.420949
1 0.599574 0.479625 0.17716 0.238326
1 0.744435 0.257901 0.17246 0.247397
1 0.940481 0.667847 0.119039 0.261357
0 0.679431 0.633087 0.132415 0.169598
1 0.584843 0.870395 0.218739 0.257276
1 0.23486 0.456881 0.264893 0.297958
0 0.775935 0.604761 0.126064 0.158435
1 0.119383 0.629371 0.227872 0.294739
1 0.586449 0.314582 0.225855 0.272107
0 0.715272 0.769962 0.103093 0.136827
