1 0.217093 0.641833 0.242668 0.32065
1 0.284181 0.227999 0.214246 0.255146
1 0.276347 0.43546 0.215243 0.255598
1 0.407038 0.804315 0.218651 0.275951
1 0.901065 0.24152 0.19461 0.264439
1 0.799995 0.754722 0.187814 0.264866
1 0.92092 0.479679 0.158161 0.26758
1 0.925771 0.70654 0.148457 0.246447
1 0.132048 0.0942713 0.184867 0.188543
2 0.593885 0.289471 0.391691 0.524008
1 0.619086 0.801429 0.222353 0.253563
0 0.63846 0.291599 0.159303 0.210927
1 0.967792 0.880919 0.064416 0.23622
1 0.157746 0.799388 0.206767 0.272186
1 0.0800235 0.569134 0.107839 0.286925
