1 0.441703 0.695254 0.204701 0.315918
1 0.883595 0.570527 0.200371 0.280726
1 0.149168 0.713785 0.205662 0.259019
1 0.288702 0.523737 0.217888 0.283457
1 0.869693 0.339313 0.196878 0.249416
2 0.478539 0.254229 0.360093 0.493744
1 0.299032 0.845835 0.185942 0.249992
1 0.943362 0.755288 0.112343 0.285882
1 0.0902905 0.415419 0.160753 0.269367
1 0.724758 0.773391 0.213933 0.33269
1 0.29097 0.153937 0.19624 0.23629
1 0.130483 0.909658 0.193535 0.179971
0 0.609438 0.758303 0.0753954 0.0953138
0 0.599294 0.445384 0.0794277 0.114255
1 0.922113 0.0803824 0.154233 0.160559
1 0.101982 0.191508 0.202583 0.236357
1 0.97727 0.530858 0.04537 0.285381
1 0.279962 0.385513 0.199063 0.261613
1 0.975065 0.324162 0.0497986 0.285332
