1 0.801657 0.39154 0.222888 0.292375
1 0.165238 0.330012 0.214145 0.298296
1 0.624524 0.391704 0.196254 0.280077
1 0.0943625 0.641022 0.186762 0.263969
2 0.554949 0.816626 0.342254 0.364768
1 0.519012 0.230229 0.187279 0.256952
1 0.93995 0.365618 0.120099 0.301598
1 0.0724555 0.168116 0.13767 0.241031
1 0.42732 0.54376 0.204658 0.296187
1 0.139042 0.104294 0.206366 0.2063
1 0.9035 0.599059 0.173709 0.288259
1 0.32775 0.24522 0.195399 0.256258
1 0.263116 0.679449 0.232763 0.281635
1 0.756962 0.155431 0.178572 0.190839
