1 0.206792 0.277503 0.210647 0.295565
1 0.72103 0.898561 0.212767 0.200399
1 0.763132 0.574892 0.178669 0.261698
1 0.233591 0.621563 0.200399 0.275583
1 0.539745 0.224897 0.181157 0.261137
1 0.906241 0.723194 0.187517 0.264863
1 0.362992 0.22206 0.191663 0.245232
1 0.0798694 0.575634 0.159739 0.265857
2 0.461092 0.544351 0.404538 0.564359
1 0.900584 0.907267 0.166432 0.179019
1 0.538391 0.856814 0.205442 0.271592
1 0.656371 0.72576 0.195723 0.246953
1 0.649888 0.46458 0.157012 0.334024
1 0.34273 0.838351 0.214117 0.301194
0 0.218172 0.890664 0.10664 0.129626
1 0.916273 0.434966 0.167455 0.359278
1 0.262525 0.0937655 0.192949 0.184349
0 0.551083 0.592453 0.126846 0.190477
