1 0.916654 0.648746 0.166693 0.276607
1 0.310552 0.275859 0.244658 0.301615
1 0.823666 0.217664 0.225315 0.300378
1 0.902214 0.434914 0.192506 0.254794
1 0.154765 0.539687 0.196834 0.273848
1 0.745965 0.389424 0.192316 0.249836
2 0.527248 0.381634 0.357587 0.543502
1 0.533624 0.715273 0.206556 0.273117
1 0.130037 0.683371 0.178386 0.236854
1 0.719863 0.710887 0.181476 0.264139
1 0.534786 0.896206 0.199415 0.202478
1 0.421287 0.761904 0.239649 0.336629
1 0.967994 0.302284 0.0639698 0.280061
1 0.954524 0.868463 0.0908582 0.257739
1 0.122641 0.817077 0.179886 0.262662
0 0.620784 0.395605 0.119612 0.154806
