1 0.2473 0.559326 0.215317 0.271669
1 0.244938 0.772564 0.211115 0.254631
1 0.756517 0.855494 0.18684 0.268252
1 0.15087 0.378679 0.244336 0.317405
1 0.330934 0.361246 0.184506 0.238009
1 0.729788 0.265011 0.18643 0.247441
1 0.927046 0.218003 0.145907 0.312709
2 0.573973 0.68566 0.385513 0.522683
1 0.853427 0.0942863 0.191209 0.188328
1 0.772876 0.515112 0.223217 0.353406
1 0.550198 0.370497 0.2128 0.239224
1 0.878105 0.659987 0.160571 0.318996
1 0.124546 0.394726 0.190382 0.281381
1 0.463667 0.18434 0.219368 0.274043
