1 0.527178 0.501452 0.199768 0.269614
1 0.510782 0.254649 0.204942 0.284543
1 0.3747 0.507549 0.191076 0.286085
1 0.23386 0.284852 0.197143 0.242958
1 0.234806 0.476714 0.17653 0.231135
1 0.272119 0.710571 0.204263 0.241154
1 0.0876135 0.504828 0.174452 0.267332
0 0.703315 0.281724 0.118401 0.154308
1 0.906796 0.557095 0.186408 0.334513
1 0.626889 0.885139 0.218614 0.22712
1 0.763223 0.764725 0.192565 0.247898
1 0.628404 0.687482 0.197606 0.259375
1 0.947873 0.773139 0.104231 0.258357
0 0.654412 0.364666 0.119533 0.146377
0 0.821374 0.396849 0.15313 0.221374
0 0.643353 0.359965 0.093134 0.131272
2 0.739532 0.372743 0.37662 0.499047
1 0.228934 0.0933752 0.224562 0.18675
