1 0.101655 0.548189 0.203136 0.280249
1 0.516424 0.379765 0.22811 0.314925
1 0.255349 0.130311 0.202621 0.260621
1 0.736463 0.619195 0.19763 0.261659
1 0.308432 0.509889 0.200934 0.270014
1 0.069933 0.771877 0.139403 0.251432
1 0.873298 0.266169 0.210756 0.266801
1 0.200241 0.334809 0.174161 0.23195
1 0.255209 0.725475 0.188177 0.223798
1 0.532801 0.616342 0.220271 0.269196
0 0.343091 0.217741 0.0909721 0.120001
2 0.49326 0.808278 0.372325 0.380838
1 0.953567 0.47639 0.0926606 0.283016
0 0.0138378 0.617221 0.0272683 0.109335
0 0.529871 0.81769 0.134668 0.201614
