1 0.346956 0.745423 0.233216 0.279138
1 0.901838 0.220687 0.188331 0.242408
1 0.587271 0.54177 0.213614 0.278749
1 0.742092 0.324653 0.212868 0.323521
1 0.893981 0.442838 0.18957 0.273037
1 0.434796 0.535775 0.192945 0.247813
1 0.690459 0.6779 0.222742 0.27874
0 0.343918 0.894828 0.0931133 0.101644
1 0.580127 0.818866 0.204214 0.258393
1 0.903572 0.667779 0.154339 0.282518
1 0.251168 0.461652 0.219052 0.292498
1 0.93286 0.0767475 0.133804 0.153275
1 0.215803 0.0575939 0.205912 0.115188
0 0.793385 0.0893851 0.123988 0.151786
1 0.32128 0.193528 0.226751 0.265764
