1 0.756947 0.649803 0.200869 0.282615
1 0.627662 0.851412 0.223186 0.297176
1 0.815171 0.311518 0.210714 0.291393
1 0.915295 0.624873 0.169411 0.271632
1 0.247728 0.883767 0.214397 0.230957
1 0.243332 0.542388 0.179702 0.258909
1 0.0910068 0.668973 0.180213 0.267123
1 0.0788533 0.886477 0.156925 0.227047
1 0.666247 0.231953 0.185475 0.247551
2 0.542019 0.549628 0.40873 0.571017
1 0.496045 0.216175 0.182941 0.26476
1 0.0917822 0.343407 0.182764 0.290941
1 0.327852 0.708512 0.193861 0.247171
1 0.35758 0.442778 0.145873 0.322858
1 0.429211 0.855081 0.203095 0.264148
0 0.73995 0.925452 0.105458 0.124182
1 0.779772 0.1042 0.192448 0.208297
