1 0.487251 0.702442 0.198131 0.26694
1 0.202056 0.578043 0.19192 0.267126
1 0.824874 0.873787 0.193462 0.252427
1 0.676494 0.693385 0.221763 0.277387
1 0.0761864 0.669941 0.151977 0.274505
1 0.187321 0.20428 0.204534 0.273849
0 0.807636 0.469473 0.13065 0.172122
1 0.682967 0.456003 0.211346 0.276049
1 0.611349 0.106153 0.196891 0.212306
2 0.411553 0.315259 0.410897 0.561601
0 0.854949 0.107542 0.085098 0.0999889
1 0.313371 0.747934 0.185402 0.238767
1 0.189973 0.0649551 0.196487 0.12991
1 0.718224 0.217589 0.257205 0.282931
1 0.912637 0.640831 0.173895 0.301445
