1 0.332235 0.775365 0.203735 0.289623
1 0.11679 0.212139 0.193512 0.314825
1 0.698206 0.410785 0.187394 0.243389
1 0.677807 0.234854 0.194217 0.251785
1 0.273162 0.591355 0.166985 0.245476
1 0.137673 0.546103 0.176282 0.256088
1 0.919395 0.322534 0.161209 0.236957
2 0.38352 0.220177 0.359856 0.440354
0 0.325175 0.133119 0.101732 0.139743
1 0.812796 0.703012 0.179975 0.240454
1 0.21587 0.393282 0.167524 0.222611
0 0.438676 0.28837 0.13073 0.163242
1 0.153149 0.803914 0.193022 0.216604
0 0.306903 0.25258 0.109328 0.156186
0 0.412389 0.100699 0.136577 0.163344
