1 0.177242 0.539895 0.186195 0.24447
1 0.525385 0.633432 0.184251 0.237915
0 0.67498 0.270556 0.136729 0.177498
1 0.410962 0.490453 0.222905 0.267553
1 0.729589 0.831526 0.178679 0.284711
1 0.903066 0.813547 0.193868 0.321212
1 0.575197 0.889477 0.199865 0.216798
1 0.347865 0.181046 0.184413 0.262854
1 0.445204 0.82403 0.218029 0.289104
1 0.080994 0.588806 0.161743 0.258465
1 0.174276 0.755255 0.19084 0.241364
0 0.284526 0.73053 0.0755184 0.0870252
1 0.841027 0.233233 0.238677 0.286095
1 0.847418 0.53543 0.198229 0.271421
1 0.708559 0.553982 0.218039 0.283542
2 0.587937 0.211979 0.365514 0.423958
1 0.149417 0.270212 0.179723 0.24884
