1 0.72234 0.333714 0.202806 0.277769
1 0.216456 0.404145 0.207574 0.272738
1 0.315147 0.747391 0.192546 0.262693
1 0.873887 0.628418 0.216924 0.285069
1 0.383833 0.345289 0.212329 0.2788
1 0.908249 0.870306 0.183502 0.245143
1 0.774236 0.792951 0.163315 0.257656
1 0.552168 0.225265 0.21676 0.316363
1 0.630473 0.894594 0.186917 0.208423
1 0.0768725 0.520317 0.152757 0.256982
1 0.87731 0.256452 0.189423 0.266909
1 0.341174 0.534114 0.189866 0.253545
1 0.227845 0.899434 0.213514 0.196492
2 0.584385 0.551164 0.430376 0.548627
0 0.630682 0.0820105 0.0996966 0.124471
1 0.947399 0.468216 0.105045 0.244837
1 0.134692 0.735245 0.22183 0.265581
