1 0.815346 0.282925 0.20379 0.282264
1 0.618411 0.305627 0.190111 0.244166
1 0.873426 0.529228 0.191373 0.274444
1 0.464618 0.452494 0.189617 0.293353
1 0.771468 0.783567 0.22221 0.287867
1 0.355628 0.702772 0.219729 0.25626
1 0.671599 0.504597 0.19419 0.232675
1 0.064403 0.472887 0.127921 0.271754
1 0.463773 0.90037 0.181231 0.1949
1 0.237051 0.879097 0.19882 0.238002
1 0.0689168 0.703443 0.136721 0.265833
1 0.554382 0.691958 0.200181 0.269294
0 0.537521 0.154367 0.173597 0.211767
1 0.0379578 0.881806 0.0759155 0.235079
1 0.836624 0.0705233 0.181407 0.14068
