1 0.529644 0.711853 0.215739 0.293609
1 0.684428 0.629771 0.199365 0.238733
1 0.561439 0.454414 0.188409 0.255655
1 0.204317 0.392344 0.197192 0.238618
1 0.0792257 0.498893 0.157258 0.271327
1 0.364371 0.748421 0.174347 0.243556
1 0.674273 0.278481 0.179136 0.246191
1 0.122163 0.613695 0.200173 0.266124
1 0.282522 0.57567 0.181989 0.22624
2 0.483966 0.188993 0.391768 0.377986
0 0.370203 0.0891531 0.115187 0.152529
1 0.793412 0.866138 0.187327 0.222907
1 0.235915 0.0856638 0.199507 0.170426
1 0.280341 0.23379 0.178177 0.231284
1 0.824857 0.228896 0.195896 0.24473
0 0.474694 0.0708534 0.101392 0.130905
1 0.0549148 0.138111 0.10983 0.276223
1 0.832092 0.762664 0.164085 0.235594
