1 0.530163 0.288563 0.195379 0.261032
1 0.252956 0.567924 0.206719 0.285331
1 0.600854 0.623117 0.201548 0.277276
1 0.36353 0.566218 0.19125 0.259541
1 0.409167 0.808818 0.216771 0.293177
1 0.674939 0.410721 0.19769 0.245812
1 0.132672 0.373836 0.195762 0.260973
2 0.859447 0.404791 0.281107 0.465534
1 0.684459 0.842396 0.17868 0.264784
1 0.152052 0.767182 0.204692 0.254965
1 0.914325 0.728616 0.171351 0.2697
1 0.316684 0.101266 0.196946 0.202533
1 0.889647 0.898251 0.189837 0.20275
1 0.567644 0.833089 0.196607 0.254385
1 0.857283 0.684586 0.196255 0.239648
1 0.340594 0.341685 0.210513 0.246439
