1 0.714598 0.663711 0.214995 0.280479
1 0.244246 0.121492 0.211637 0.242985
1 0.879206 0.155312 0.215421 0.255681
1 0.414694 0.769993 0.224777 0.297704
1 0.139883 0.818407 0.209542 0.255348
1 0.171203 0.328996 0.183552 0.246077
1 0.666373 0.252039 0.1938 0.265772
1 0.576926 0.538064 0.213276 0.231117
0 0.941312 0.46319 0.109787 0.144118
0 0.375554 0.580773 0.131825 0.146771
1 0.254787 0.914052 0.197845 0.165799
2 0.304842 0.465441 0.350413 0.490329
0 0.23227 0.575311 0.1343 0.15606
0 0.569783 0.119168 0.0886107 0.109256
1 0.962236 0.598892 0.0753637 0.25698
1 0.428004 0.909818 0.205875 0.173988
1 0.704251 0.888691 0.196054 0.207949
1 0.128866 0.62845 0.158159 0.2317
1 0.904294 0.628837 0.189747 0.242798
1 0.681924 0.329956 0.217675 0.278183
