1 0.764848 0.733991 0.19278 0.272835
1 0.918789 0.779534 0.162422 0.266937
1 0.2494 0.416234 0.170429 0.248282
1 0.826118 0.415627 0.208661 0.286019
1 0.253943 0.780459 0.213715 0.270378
2 0.549863 0.548084 0.399751 0.552083
1 0.63576 0.867473 0.211807 0.265054
1 0.435156 0.809111 0.201935 0.261202
1 0.0929674 0.466602 0.185935 0.276185
1 0.793342 0.174504 0.191136 0.241376
1 0.0948507 0.151785 0.187763 0.276753
1 0.503974 0.194603 0.172069 0.252904
1 0.0851485 0.697757 0.157759 0.251163
1 0.677634 0.283735 0.180017 0.254816
1 0.367936 0.367478 0.136051 0.315363
1 0.337423 0.621019 0.197294 0.249658
0 0.43647 0.534987 0.121983 0.180416
1 0.944771 0.557901 0.110458 0.258539
