1 0.629719 0.738706 0.230104 0.306935
1 0.723018 0.371345 0.214929 0.257938
1 0.638752 0.538674 0.192941 0.248684
2 0.391699 0.516608 0.351428 0.472098
1 0.125473 0.231057 0.192398 0.267287
1 0.761229 0.907821 0.206408 0.180694
1 0.167747 0.528028 0.183885 0.248254
1 0.268184 0.849395 0.228223 0.287693
1 0.769681 0.186789 0.185776 0.21645
0 0.755711 0.555146 0.0865207 0.106065
1 0.0430165 0.348622 0.0860331 0.270945
1 0.502686 0.215474 0.192539 0.250808
1 0.0746514 0.593821 0.149303 0.297547
1 0.828131 0.759096 0.179102 0.304646
0 0.295299 0.581198 0.0995311 0.150703
