1 0.799526 0.296557 0.207654 0.261189
1 0.687396 0.825697 0.191982 0.219541
1 0.0851417 0.287268 0.16758 0.279577
1 0.671101 0.454078 0.207523 0.285621
1 0.506558 0.255527 0.198324 0.305692
1 0.0966931 0.52519 0.191059 0.245851
1 0.641114 0.140013 0.193072 0.25092
1 0.806503 0.104748 0.1922 0.209496
1 0.877701 0.835259 0.198992 0.22113
1 0.0623326 0.805426 0.124665 0.23739
1 0.212882 0.140039 0.208671 0.280079
2 0.497002 0.677513 0.338845 0.48498
1 0.879896 0.620641 0.159965 0.264053
0 0.327204 0.154268 0.0807369 0.105822
0 0.356243 0.465114 0.0796944 0.114982
0 0.428535 0.575487 0.128907 0.168524
1 0.684532 0.603664 0.201346 0.273234
