1 0.407128 0.697513 0.186569 0.240815
1 0.755228 0.602785 0.182414 0.250731
0 0.241877 0.334068 0.13266 0.180014
1 0.527121 0.553985 0.247356 0.276969
1 0.760583 0.819777 0.189452 0.240673
1 0.575599 0.241323 0.183952 0.262231
1 0.209222 0.875685 0.180553 0.247485
1 0.100084 0.287273 0.198559 0.302661
1 0.0888755 0.604959 0.176506 0.28885
1 0.22164 0.612882 0.218071 0.277326
1 0.484234 0.871895 0.225123 0.255703
1 0.777483 0.332657 0.183453 0.252306
0 0.424862 0.230707 0.157557 0.18846
1 0.855311 0.648922 0.170124 0.252372
1 0.0650791 0.855927 0.130158 0.285362
0 0.645338 0.794076 0.0721518 0.0806729
