1 0.691065 0.77085 0.219867 0.27372
1 0.871849 0.476245 0.219512 0.298933
1 0.85552 0.899999 0.200062 0.196633
1 0.192901 0.107745 0.1843 0.21549
1 0.114494 0.472255 0.180819 0.243384
1 0.401071 0.873917 0.224487 0.252167
1 0.65349 0.362601 0.171233 0.241526
1 0.188583 0.671481 0.2122 0.266182
1 0.306536 0.302211 0.250477 0.293365
1 0.124536 0.247125 0.160825 0.2426
0 0.506429 0.414196 0.153982 0.201867
1 0.804033 0.242848 0.216712 0.287519
2 0.474 0.527902 0.373112 0.549802
1 0.961596 0.669634 0.0766446 0.280636
0 0.449758 0.535437 0.107099 0.143726
1 0.864036 0.692616 0.206087 0.277323
