1 0.392556 0.35004 0.252542 0.295812
1 0.858942 0.496443 0.19414 0.294481
1 0.256303 0.781859 0.199899 0.260593
1 0.224934 0.184919 0.177571 0.244747
1 0.679382 0.383919 0.207822 0.25767
1 0.119202 0.376877 0.190026 0.248927
1 0.846784 0.872042 0.185373 0.244856
1 0.42357 0.850526 0.171292 0.260833
2 0.620571 0.751084 0.35582 0.44529
1 0.533318 0.510902 0.205769 0.261168
1 0.930565 0.343051 0.137682 0.287063
1 0.41149 0.646933 0.207257 0.278069
1 0.571774 0.378354 0.19782 0.255044
1 0.959451 0.513122 0.0810704 0.310517
1 0.605307 0.13545 0.220307 0.268447
1 0.197457 0.380102 0.207383 0.247745
