1 0.871131 0.368894 0.20498 0.270631
1 0.678164 0.880514 0.207599 0.238972
1 0.629801 0.230798 0.202584 0.26981
1 0.919345 0.672714 0.16112 0.249574
1 0.468253 0.177314 0.184314 0.280189
1 0.2049 0.215691 0.177038 0.230401
2 0.545243 0.544511 0.345538 0.503312
1 0.240734 0.729652 0.203923 0.236443
1 0.148254 0.398276 0.136755 0.245952
1 0.960644 0.508442 0.078573 0.285587
0 0.475002 0.429215 0.119307 0.16076
1 0.31051 0.100149 0.197683 0.197643
1 0.291067 0.236677 0.221076 0.257552
1 0.444968 0.760696 0.244695 0.312602
1 0.768288 0.147356 0.196507 0.246973
0 0.597821 0.449962 0.104746 0.135588
