1 0.809688 0.636202 0.189493 0.282929
1 0.229708 0.498966 0.182152 0.235922
1 0.103366 0.648237 0.204133 0.27829
1 0.471711 0.16401 0.193424 0.282682
2 0.520001 0.494465 0.386121 0.523817
1 0.434184 0.780323 0.20376 0.265092
1 0.18897 0.787038 0.186337 0.234939
0 0.578307 0.441633 0.0970787 0.133963
0 0.570531 0.561396 0.143763 0.154754
1 0.768995 0.843056 0.199913 0.255902
0 0.493008 0.382477 0.119481 0.180734
1 0.890191 0.40003 0.135019 0.272344
1 0.702244 0.170729 0.200049 0.243889
0 0.413267 0.37904 0.085204 0.140821
1 0.280527 0.707529 0.205243 0.285591
