1 0.607574 0.885762 0.201954 0.228477
1 0.453125 0.284111 0.199059 0.253053
1 0.311199 0.504411 0.184185 0.272697
1 0.28657 0.247629 0.205633 0.276361
2 0.852422 0.632648 0.29347 0.539452
1 0.166386 0.504006 0.183132 0.256164
1 0.440607 0.89912 0.17973 0.199834
1 0.533043 0.689377 0.192032 0.229554
1 0.718223 0.201419 0.194352 0.254813
1 0.0842203 0.253508 0.168441 0.268683
1 0.248626 0.91297 0.215093 0.170272
1 0.932129 0.239728 0.135742 0.253187
1 0.974386 0.459765 0.0512289 0.316988
0 0.516338 0.517976 0.0751297 0.0963019
1 0.323618 0.732466 0.20119 0.238016
1 0.157549 0.751535 0.175011 0.278861
1 0.548851 0.114971 0.201503 0.223217
