1 0.679667 0.285905 0.201838 0.26288
1 0.363149 0.892082 0.185854 0.215837
1 0.635606 0.784239 0.228718 0.287421
1 0.20502 0.40958 0.184452 0.273637
1 0.103534 0.564066 0.199291 0.334938
1 0.796363 0.170217 0.16294 0.297196
1 0.112596 0.88727 0.211579 0.22446
1 0.520474 0.443878 0.193851 0.248055
1 0.349279 0.532061 0.190671 0.216424
1 0.323302 0.723592 0.211431 0.234027
0 0.706779 0.470394 0.0641067 0.10407
1 0.500334 0.741239 0.207037 0.342986
1 0.034472 0.614223 0.0689439 0.30169
1 0.916719 0.560094 0.163523 0.276026
