1 0.450381 0.703471 0.188037 0.235454
1 0.104674 0.751723 0.194067 0.247211
0 0.547135 0.288482 0.137261 0.172198
1 0.320348 0.611922 0.233835 0.276384
1 0.840834 0.72553 0.196797 0.288866
1 0.672501 0.819095 0.179019 0.278484
1 0.747273 0.48819 0.186731 0.252344
1 0.613662 0.557838 0.215041 0.278057
1 0.701567 0.188308 0.22796 0.267794
1 0.223176 0.324556 0.178771 0.249524
1 0.403893 0.891112 0.226155 0.213492
1 0.0530436 0.84157 0.106087 0.257136
0 0.233122 0.89264 0.0698178 0.0865177
0 0.366939 0.256328 0.162773 0.17796
1 0.0675224 0.490811 0.134603 0.241827
0 0.342188 0.24988 0.120123 0.174151
