1 0.906866 0.841549 0.186268 0.25024
1 0.72589 0.667747 0.209269 0.269338
1 0.230472 0.566994 0.185871 0.257463
1 0.137634 0.203553 0.182596 0.252296
1 0.67952 0.433253 0.194729 0.275003
1 0.543317 0.679637 0.191366 0.25655
1 0.107581 0.661711 0.168703 0.266174
1 0.532946 0.0957084 0.198921 0.191417
0 0.810352 0.441176 0.127747 0.168806
1 0.370787 0.729698 0.183319 0.240029
2 0.382624 0.302274 0.407157 0.554137
0 0.783086 0.0845699 0.0819475 0.101191
1 0.694041 0.189187 0.200407 0.263945
1 0.93032 0.586106 0.139361 0.335983
1 0.105048 0.0585865 0.179072 0.116641
1 0.95517 0.582835 0.0895285 0.333653
