1 0.828884 0.237105 0.189543 0.254333
0 0.436096 0.443903 0.129806 0.183417
1 0.289715 0.392901 0.204782 0.258048
1 0.566275 0.760956 0.203036 0.253106
1 0.898635 0.0912941 0.200637 0.181909
1 0.238744 0.525181 0.199698 0.228999
2 0.546099 0.459264 0.386559 0.509976
1 0.32976 0.880183 0.211323 0.2342
0 0.587474 0.530238 0.133718 0.177635
1 0.778342 0.450259 0.204629 0.247573
1 0.303088 0.690922 0.217184 0.215351
1 0.770764 0.58559 0.22061 0.296154
1 0.384721 0.144008 0.194631 0.249882
0 0.606963 0.38723 0.146469 0.208457
1 0.957381 0.575452 0.0850655 0.282641
1 0.943097 0.379481 0.113806 0.247836
1 0.136217 0.336933 0.174662 0.301276
1 0.572239 0.12869 0.222283 0.25738
0 0.595149 0.368867 0.119653 0.175754
