1 0.12486 0.555869 0.190155 0.270674
1 0.136602 0.898489 0.197255 0.20112
1 0.560672 0.867357 0.205207 0.265286
1 0.576604 0.237944 0.221341 0.272039
1 0.395164 0.305649 0.198529 0.252368
0 0.719195 0.394 0.134507 0.177073
1 0.599646 0.467804 0.209167 0.258979
1 0.219791 0.338422 0.18254 0.241111
2 0.344905 0.718523 0.404444 0.554351
1 0.681742 0.683136 0.189717 0.264816
0 0.436946 0.636415 0.141743 0.185258
0 0.792705 0.729421 0.0799887 0.103335
1 0.0348936 0.522686 0.0697549 0.290269
1 0.815687 0.187767 0.1862 0.293774
