1 0.404247 0.369365 0.214594 0.281949
1 0.85863 0.606336 0.199491 0.282904
1 0.446602 0.670286 0.200372 0.267891
1 0.256334 0.703269 0.228826 0.298796
1 0.654153 0.779434 0.203851 0.284201
1 0.338155 0.892845 0.184802 0.212597
1 0.0784541 0.234866 0.156361 0.271351
1 0.255968 0.544029 0.178916 0.240774
1 0.839996 0.368113 0.197831 0.276594
1 0.662932 0.329156 0.211164 0.259053
1 0.120165 0.402427 0.199426 0.238125
1 0.572613 0.296253 0.183118 0.253859
1 0.680525 0.920382 0.184506 0.156544
1 0.0410366 0.572421 0.0820733 0.264808
0 0.450757 0.107348 0.132017 0.173099
0 0.359143 0.0822349 0.0835393 0.123515
