1 0.717781 0.869138 0.195913 0.240481
1 0.085449 0.446986 0.170678 0.274534
1 0.506503 0.370135 0.219034 0.277627
1 0.277822 0.155537 0.221978 0.275349
0 0.375126 0.485805 0.123866 0.19737
2 0.297012 0.564657 0.387379 0.547772
1 0.904723 0.551205 0.190553 0.310441
0 0.13996 0.713202 0.08047 0.0920705
1 0.8095 0.548452 0.189925 0.253644
1 0.658783 0.241886 0.208707 0.258871
0 0.269057 0.632521 0.156724 0.19039
1 0.206667 0.205185 0.196974 0.259401
1 0.0618739 0.705279 0.123275 0.259458
1 0.63145 0.667172 0.285188 0.272955
