1 0.685206 0.609056 0.21853 0.274415
1 0.879645 0.277041 0.214737 0.28955
1 0.178568 0.596854 0.219486 0.272728
1 0.390794 0.776691 0.225009 0.275304
1 0.107887 0.413352 0.181272 0.245432
1 0.307152 0.204836 0.245904 0.291674
1 0.197684 0.0710869 0.184688 0.142174
1 0.84709 0.769615 0.206869 0.32159
1 0.662551 0.206052 0.167095 0.226752
1 0.122626 0.189565 0.159875 0.24568
0 0.507966 0.287142 0.151893 0.195247
2 0.472375 0.411604 0.370441 0.559425
1 0.856127 0.507782 0.193181 0.253706
1 0.962107 0.440334 0.0757856 0.258998
