1 0.36895 0.766316 0.223253 0.275701
1 0.239683 0.394858 0.199881 0.245816
1 0.901135 0.347652 0.19624 0.26593
1 0.424742 0.544611 0.220251 0.258051
1 0.254378 0.635849 0.22266 0.299139
1 0.823837 0.826121 0.209639 0.269544
1 0.737595 0.694563 0.192511 0.272188
2 0.635467 0.218053 0.336653 0.436106
1 0.342118 0.221906 0.167281 0.234863
1 0.565842 0.724658 0.201529 0.256194
1 0.91172 0.564511 0.17656 0.255608
1 0.872418 0.146325 0.191518 0.200979
1 0.837654 0.512532 0.188947 0.254405
1 0.552956 0.888599 0.191743 0.214802
0 0.726548 0.227993 0.106014 0.173555
