1 0.429903 0.744242 0.221153 0.321154
1 0.81127 0.448287 0.255353 0.285651
1 0.515973 0.5511 0.164931 0.239544
0 0.307118 0.564801 0.13497 0.145942
1 0.459471 0.318993 0.15609 0.246269
1 0.895341 0.676127 0.206203 0.283907
0 0.358156 0.432811 0.107535 0.161043
1 0.800798 0.250272 0.181656 0.255005
2 0.299898 0.461417 0.295861 0.403379
1 0.0972213 0.349651 0.1485 0.229138
0 0.268529 0.388786 0.143798 0.194982
1 0.668322 0.606704 0.191223 0.260167
1 0.735449 0.766974 0.197588 0.259451
1 0.973117 0.190438 0.0537493 0.295569
1 0.309781 0.771595 0.174481 0.221358
1 0.977865 0.618157 0.0442624 0.296549
