1 0.260288 0.450425 0.209101 0.280394
1 0.71668 0.470946 0.221896 0.304474
1 0.576689 0.146466 0.186358 0.23268
1 0.538449 0.358212 0.228751 0.273535
1 0.831338 0.246666 0.174373 0.231468
1 0.0841606 0.537997 0.166255 0.302801
0 0.363679 0.767839 0.0783833 0.105258
0 0.557842 0.59968 0.0811639 0.110794
0 0.670255 0.743598 0.083737 0.114278
1 0.110984 0.881515 0.218824 0.235253
1 0.484424 0.711707 0.16697 0.225358
0 0.405946 0.909579 0.119116 0.157785
0 0.299367 0.923846 0.130117 0.151697
1 0.202166 0.657646 0.196239 0.292037
1 0.16909 0.26639 0.209649 0.274617
