1 0.127328 0.2358 0.24434 0.305246
1 0.631644 0.650046 0.174691 0.247601
1 0.28808 0.36247 0.202168 0.26902
1 0.596357 0.263265 0.20366 0.29007
1 0.078909 0.725873 0.157753 0.287079
1 0.224229 0.719006 0.174632 0.242207
1 0.600165 0.894063 0.185338 0.210407
1 0.413769 0.20096 0.210721 0.264479
1 0.76706 0.907557 0.182986 0.180208
2 0.391808 0.583856 0.323362 0.443494
1 0.769502 0.253644 0.222726 0.280716
1 0.602548 0.454218 0.220194 0.281193
1 0.189298 0.534916 0.209234 0.286051
0 0.315758 0.625938 0.115372 0.155445
