1 0.499317 0.752026 0.208234 0.266407
1 0.239795 0.599638 0.19792 0.250848
1 0.605733 0.520673 0.172474 0.25168
1 0.705013 0.728035 0.198043 0.243221
1 0.330782 0.830812 0.230002 0.282818
1 0.764217 0.536201 0.190461 0.234121
1 0.7373 0.317416 0.216083 0.26857
1 0.106041 0.714319 0.202523 0.285041
1 0.882772 0.739221 0.192432 0.276829
1 0.0799414 0.286774 0.159883 0.248771
1 0.911368 0.270761 0.177264 0.236327
2 0.408624 0.233729 0.382857 0.467458
1 0.926445 0.534942 0.146969 0.246856
1 0.791602 0.903991 0.207219 0.186209
1 0.130868 0.399799 0.192607 0.244325
1 0.414839 0.517735 0.234071 0.289195
