1 0.910365 0.651465 0.179269 0.317161
1 0.854378 0.872241 0.173526 0.244989
1 0.197729 0.677002 0.186054 0.2482
1 0.327037 0.314507 0.179732 0.216707
1 0.956888 0.874121 0.0862231 0.248508
0 0.78622 0.210102 0.161291 0.215688
0 0.629543 0.209213 0.135079 0.172084
1 0.471435 0.303248 0.170314 0.229192
1 0.227154 0.77832 0.199339 0.253221
1 0.317471 0.545268 0.19078 0.243918
1 0.41456 0.605767 0.263662 0.330472
1 0.602757 0.461004 0.178025 0.289956
1 0.622175 0.822029 0.205567 0.277863
1 0.679932 0.78896 0.199476 0.224891
1 0.950885 0.280509 0.0980978 0.287447
