1 0.393608 0.693542 0.200529 0.256853
1 0.172123 0.432622 0.183342 0.241222
1 0.663469 0.855612 0.220892 0.288775
2 0.652836 0.486092 0.321036 0.426613
1 0.233283 0.217954 0.200929 0.261038
1 0.913307 0.260765 0.173386 0.286189
1 0.603853 0.203099 0.247321 0.267276
1 0.407616 0.460642 0.206086 0.297196
1 0.230336 0.0972119 0.198057 0.190972
1 0.944854 0.477612 0.110291 0.267113
1 0.837031 0.607814 0.171877 0.263862
1 0.505 0.878037 0.205627 0.243787
0 0.7038 0.377638 0.0966339 0.129631
1 0.892895 0.696172 0.168321 0.228664
1 0.345693 0.235498 0.217959 0.274403
