1 0.913699 0.585945 0.172603 0.285847
1 0.723289 0.777227 0.203266 0.266855
1 0.879825 0.784403 0.201943 0.260399
2 0.503932 0.704453 0.367084 0.534345
1 0.541334 0.39932 0.21126 0.278894
1 0.144069 0.302302 0.18419 0.230299
1 0.715209 0.429576 0.216655 0.32306
1 0.570229 0.189973 0.191912 0.264536
1 0.278776 0.76366 0.24713 0.310519
1 0.15134 0.453994 0.197981 0.269104
1 0.966337 0.389396 0.0670697 0.301365
1 0.949289 0.904232 0.101422 0.189663
1 0.434934 0.322439 0.23258 0.323101
1 0.857003 0.283548 0.234189 0.290177
1 0.152635 0.176594 0.188781 0.278832
