1 0.388862 0.524567 0.222232 0.31304
1 0.216918 0.450409 0.203864 0.271982
1 0.600103 0.290534 0.242617 0.307377
1 0.74478 0.536926 0.236054 0.321433
1 0.145237 0.90104 0.192875 0.19162
0 0.689863 0.727855 0.128045 0.152419
2 0.585433 0.753251 0.401865 0.472179
1 0.846276 0.269509 0.188964 0.271041
1 0.30955 0.872026 0.203962 0.253392
1 0.84042 0.768166 0.218359 0.304723
1 0.136879 0.716976 0.197858 0.253354
0 0.652297 0.859182 0.156073 0.188663
1 0.0416953 0.82389 0.0833905 0.266792
0 0.611791 0.670814 0.122843 0.179989
