1 0.804247 0.470596 0.243272 0.297558
1 0.720215 0.709964 0.206062 0.248915
1 0.873385 0.22152 0.181125 0.309901
1 0.861019 0.890848 0.19268 0.206964
1 0.220957 0.406553 0.214967 0.252169
1 0.526881 0.864395 0.186945 0.260655
1 0.71594 0.272565 0.188059 0.26002
1 0.919713 0.69544 0.160574 0.296607
2 0.528386 0.518237 0.366663 0.483091
1 0.296938 0.916775 0.187992 0.161923
1 0.608372 0.122924 0.204398 0.240357
1 0.378904 0.123742 0.205015 0.212843
1 0.97118 0.285568 0.0574778 0.302746
1 0.151117 0.561925 0.139711 0.239031
0 0.475972 0.471473 0.0973541 0.13974
0 0.58429 0.434458 0.151796 0.180421
1 0.249175 0.721165 0.222892 0.271954
