1 0.160274 0.152409 0.21554 0.268001
1 0.17636 0.544326 0.258401 0.311348
1 0.570071 0.409072 0.259752 0.269781
1 0.102651 0.865564 0.204825 0.266929
1 0.228715 0.345171 0.183574 0.243917
1 0.321182 0.676439 0.221996 0.338428
1 0.585262 0.198596 0.223644 0.288778
0 0.439491 0.55363 0.0798141 0.099563
1 0.858915 0.449504 0.158108 0.357525
1 0.410541 0.174406 0.199015 0.283734
1 0.0884448 0.389968 0.175644 0.315196
1 0.837694 0.846055 0.191703 0.295656
2 0.543001 0.698097 0.337576 0.44634
0 0.582476 0.748009 0.105019 0.164797
