1 0.27607 0.582656 0.226994 0.309274
1 0.166258 0.779453 0.186831 0.24341
1 0.733335 0.735068 0.203656 0.274094
1 0.916148 0.696603 0.167704 0.281891
0 0.661756 0.236351 0.125656 0.158425
0 0.614266 0.38208 0.0787816 0.109532
1 0.456191 0.747583 0.229523 0.27431
2 0.622474 0.191198 0.267442 0.296103
0 0.307895 0.320787 0.0885575 0.119166
1 0.427036 0.9199 0.186671 0.156583
0 0.424667 0.499042 0.0798675 0.104867
1 0.496895 0.406885 0.164346 0.224681
1 0.773874 0.523219 0.210997 0.291785
1 0.115152 0.238418 0.172029 0.378273
