1 0.202771 0.767652 0.19834 0.27252
1 0.402394 0.391898 0.222426 0.29714
1 0.763487 0.869725 0.258431 0.260549
1 0.362105 0.874906 0.192627 0.250189
1 0.209637 0.269418 0.199061 0.295871
1 0.810753 0.682133 0.215326 0.236053
1 0.551789 0.193168 0.19224 0.254671
1 0.56236 0.73166 0.230704 0.280787
1 0.936656 0.535072 0.126689 0.317588
1 0.940196 0.345392 0.119608 0.272805
1 0.160892 0.532787 0.160578 0.259034
2 0.686493 0.426424 0.407391 0.546161
1 0.538146 0.888614 0.206905 0.222564
0 0.629191 0.288195 0.135352 0.187455
