1 0.848831 0.802025 0.20946 0.251462
1 0.785162 0.388787 0.191952 0.263953
1 0.907225 0.282398 0.18555 0.258748
1 0.373758 0.676755 0.197286 0.250233
1 0.866662 0.600146 0.185027 0.229291
0 0.358665 0.325872 0.132094 0.173223
1 0.107863 0.659425 0.214299 0.278964
0 0.466363 0.49147 0.136851 0.169155
2 0.462569 0.407214 0.368525 0.476499
1 0.61986 0.648786 0.223686 0.304593
0 0.522842 0.380581 0.141766 0.224613
1 0.153908 0.446703 0.201914 0.233324
1 0.150876 0.265251 0.206674 0.230998
1 0.0447404 0.486272 0.0894808 0.271392
1 0.242311 0.187055 0.198859 0.25866
1 0.668008 0.549538 0.195722 0.270886
0 0.527803 0.360559 0.113052 0.168387
1 0.584928 0.131683 0.210129 0.260935
