1 0.122807 0.22381 0.225049 0.29108
1 0.870619 0.456984 0.189962 0.240395
1 0.185912 0.609592 0.23055 0.27487
1 0.817097 0.833562 0.187338 0.249573
1 0.357921 0.302131 0.190329 0.235161
1 0.883024 0.648063 0.191057 0.236919
1 0.674921 0.52149 0.199769 0.298339
1 0.671247 0.894702 0.228967 0.207544
1 0.411127 0.897132 0.224508 0.201469
1 0.0457803 0.63965 0.0915605 0.328743
0 0.471371 0.464792 0.153394 0.199164
1 0.0802256 0.42472 0.159609 0.236052
2 0.460004 0.593498 0.394928 0.535112
0 0.474436 0.613918 0.123522 0.154485
1 0.512874 0.31992 0.176259 0.235378
0 0.366965 0.564604 0.135024 0.158767
