1 0.483969 0.756547 0.217193 0.298072
1 0.327453 0.668437 0.196055 0.244665
1 0.327238 0.312128 0.176243 0.237561
1 0.444283 0.496876 0.190897 0.251777
2 0.519177 0.211031 0.387366 0.422061
1 0.800665 0.457454 0.199527 0.235735
1 0.230991 0.889655 0.195075 0.21258
1 0.752146 0.117877 0.204817 0.235754
1 0.652449 0.800523 0.177457 0.235814
1 0.924353 0.570363 0.151294 0.258679
1 0.172921 0.251275 0.195277 0.247403
1 0.944949 0.20221 0.109568 0.295794
0 0.511213 0.112083 0.113324 0.152467
1 0.726462 0.634932 0.178556 0.223581
1 0.890327 0.687808 0.208389 0.265407
0 0.619101 0.139402 0.113858 0.187568
1 0.717019 0.28527 0.173335 0.235647
1 0.977172 0.382346 0.0455838 0.296864
