1 0.428632 0.81811 0.233615 0.325395
0 0.347028 0.616602 0.134455 0.156259
1 0.89244 0.860264 0.210653 0.279471
1 0.55194 0.653279 0.185015 0.247178
1 0.55261 0.40628 0.167232 0.263283
1 0.684056 0.738194 0.197763 0.263318
1 0.860013 0.620956 0.261945 0.302502
1 0.895171 0.420305 0.18251 0.258627
0 0.352288 0.426511 0.141424 0.162178
1 0.913487 0.200599 0.17233 0.214868
1 0.187674 0.350733 0.168366 0.240374
0 0.423783 0.497824 0.117187 0.163081
2 0.358031 0.512995 0.310479 0.409892
1 0.331702 0.114037 0.236372 0.228074
