1 0.671635 0.545709 0.254562 0.296936
1 0.761353 0.799983 0.201727 0.232148
1 0.487391 0.806004 0.228974 0.267804
1 0.250088 0.357854 0.246571 0.295357
1 0.857155 0.467072 0.188829 0.26167
1 0.637549 0.186091 0.179913 0.236929
1 0.653888 0.372958 0.206446 0.245971
0 0.0389026 0.45762 0.0778052 0.199247
1 0.434078 0.222963 0.198989 0.226506
2 0.0993916 0.579159 0.198783 0.510471
1 0.538597 0.652099 0.18372 0.232649
1 0.47128 0.387192 0.184974 0.228358
0 0.105881 0.527349 0.138304 0.152172
0 0.0618856 0.7052 0.123771 0.168934
1 0.041054 0.252554 0.0821081 0.276216
1 0.283601 0.122473 0.214869 0.244945
0 0.0773693 0.540388 0.100536 0.16491
0 0.119922 0.52042 0.114186 0.130951
1 0.924124 0.503636 0.132132 0.236438
