1 0.229017 0.573565 0.176709 0.241503
1 0.391879 0.622532 0.18667 0.254769
1 0.649246 0.572958 0.197742 0.269907
1 0.556859 0.385272 0.18694 0.24274
1 0.596458 0.806818 0.191861 0.245306
1 0.797468 0.225311 0.199264 0.247338
1 0.787076 0.817063 0.172709 0.19288
1 0.114915 0.305595 0.197503 0.225136
1 0.353651 0.839456 0.210382 0.207071
1 0.0840608 0.675228 0.167697 0.268793
1 0.736906 0.396534 0.184148 0.24029
1 0.132934 0.775822 0.195753 0.258149
1 0.0677726 0.467439 0.135545 0.227216
0 0.337655 0.179746 0.116276 0.150967
