1 0.337658 0.241984 0.208219 0.267759
1 0.188589 0.340275 0.169323 0.243659
1 0.722638 0.486172 0.200077 0.285227
1 0.0779144 0.50417 0.155386 0.264954
2 0.387066 0.540741 0.365359 0.500494
1 0.804262 0.85917 0.212201 0.27925
1 0.693609 0.730256 0.186606 0.269499
1 0.0841083 0.26575 0.165701 0.249788
1 0.508635 0.86101 0.22442 0.277169
1 0.862401 0.470287 0.175878 0.261261
1 0.802369 0.253338 0.189798 0.269629
1 0.588344 0.556461 0.153024 0.239184
1 0.662512 0.203623 0.186478 0.231118
1 0.210677 0.151231 0.194336 0.206732
0 0.658615 0.413664 0.0711582 0.092692
