1 0.102416 0.713598 0.199459 0.324731
2 0.371202 0.362582 0.331643 0.436188
1 0.31974 0.113369 0.197078 0.226739
1 0.80507 0.832896 0.218849 0.275764
1 0.720681 0.414189 0.203656 0.273451
0 0.259304 0.890173 0.0753487 0.0883199
1 0.802795 0.181716 0.250877 0.277842
0 0.416347 0.439137 0.128996 0.161394
0 0.258581 0.203717 0.0753188 0.0864873
1 0.974071 0.253348 0.0518311 0.301671
1 0.141978 0.391974 0.190957 0.273219
1 0.660594 0.307136 0.196003 0.306164
1 0.566788 0.619597 0.175149 0.244567
1 0.632209 0.730174 0.220244 0.29459
