1 0.869151 0.769739 0.229632 0.285521
1 0.692913 0.290594 0.217492 0.275015
1 0.393184 0.287462 0.21853 0.280946
1 0.900178 0.516182 0.199643 0.289111
1 0.152402 0.786981 0.194502 0.245163
1 0.207523 0.562802 0.220554 0.272863
1 0.709216 0.70017 0.174252 0.248181
1 0.203561 0.328392 0.208653 0.284119
2 0.513886 0.589291 0.359271 0.54858
1 0.375095 0.863763 0.239322 0.272474
1 0.867484 0.301738 0.189681 0.253571
0 0.550929 0.685859 0.156021 0.198605
1 0.587227 0.859297 0.167326 0.239534
0 0.574985 0.509662 0.128304 0.181408
1 0.972359 0.299003 0.0552417 0.275243
