1 0.735678 0.643639 0.204684 0.242102
1 0.214495 0.681973 0.193056 0.251754
1 0.110688 0.775442 0.206111 0.271825
1 0.539641 0.699268 0.223311 0.265894
1 0.101906 0.274637 0.196014 0.252757
1 0.563153 0.899318 0.219247 0.201363
1 0.0768933 0.479223 0.153552 0.238828
1 0.658992 0.425959 0.167756 0.236348
1 0.68913 0.862964 0.225714 0.269909
0 0.419916 0.36739 0.155654 0.185832
1 0.883724 0.294027 0.155514 0.224446
2 0.365934 0.274643 0.363248 0.478065
1 0.141386 0.459295 0.193007 0.242173
1 0.37559 0.801762 0.207755 0.236968
1 0.155226 0.0981598 0.199527 0.195949
0 0.390642 0.213649 0.153314 0.232687
0 0.279438 0.235816 0.113796 0.154813
