1 0.159632 0.219799 0.196576 0.252864
1 0.861218 0.346221 0.203438 0.270939
1 0.358332 0.872481 0.205839 0.251452
0 0.693787 0.669433 0.128295 0.170736
1 0.566734 0.605433 0.184502 0.286481
1 0.653394 0.408849 0.215479 0.28922
2 0.254106 0.542362 0.41922 0.553373
1 0.47676 0.291949 0.197845 0.265886
1 0.0746056 0.0981435 0.148416 0.196287
1 0.322503 0.150037 0.183665 0.236624
1 0.534356 0.849623 0.204848 0.272867
1 0.0469517 0.511272 0.0939033 0.28799
0 0.364147 0.580795 0.120688 0.179484
1 0.100092 0.792129 0.200183 0.245654
