1 0.841173 0.872577 0.202031 0.254846
1 0.509574 0.808084 0.211625 0.261395
1 0.114172 0.611791 0.200019 0.289712
1 0.538362 0.454393 0.219398 0.266168
1 0.899396 0.371157 0.201067 0.267756
1 0.664881 0.291073 0.181715 0.235658
1 0.360661 0.816274 0.195511 0.280952
1 0.212784 0.78845 0.208937 0.264652
2 0.28441 0.471877 0.357468 0.510271
0 0.273135 0.341411 0.150198 0.187002
1 0.568345 0.637856 0.189894 0.24107
1 0.848297 0.620184 0.237278 0.318276
1 0.0317668 0.723764 0.0635336 0.30413
1 0.968037 0.62857 0.0638736 0.280614
1 0.971249 0.454859 0.0574824 0.277783
