1 0.670431 0.235502 0.228062 0.28789
1 0.21078 0.756037 0.185079 0.249373
1 0.455821 0.408495 0.208595 0.311146
1 0.287644 0.289799 0.194321 0.262367
1 0.37235 0.732641 0.190106 0.245605
1 0.894924 0.776733 0.210151 0.286784
0 0.751272 0.699433 0.128561 0.148955
1 0.806625 0.522615 0.230495 0.312256
0 0.718426 0.821848 0.165003 0.180954
1 0.914612 0.284432 0.170776 0.265717
2 0.652559 0.695603 0.401556 0.479666
0 0.674758 0.615156 0.127614 0.174305
1 0.382433 0.860856 0.181029 0.231012
1 0.111543 0.831222 0.161791 0.248163
1 0.204881 0.524192 0.190457 0.234167
1 0.828428 0.0954428 0.194566 0.190441
