1 0.671396 0.77927 0.243134 0.286635
1 0.707868 0.415176 0.210023 0.263244
1 0.24621 0.783975 0.204775 0.245972
1 0.488173 0.680872 0.192259 0.291041
1 0.896772 0.706339 0.20463 0.237994
1 0.867 0.880218 0.206307 0.239565
2 0.391088 0.345997 0.369946 0.468273
1 0.948219 0.367282 0.102555 0.25325
1 0.594813 0.338712 0.201894 0.290731
1 0.821997 0.245422 0.188121 0.237592
0 0.385327 0.817494 0.0944533 0.126206
1 0.140069 0.476183 0.224607 0.266253
1 0.924164 0.563464 0.151671 0.268894
1 0.915578 0.162964 0.168844 0.213735
1 0.238309 0.10565 0.206215 0.211301
1 0.869008 0.357735 0.184225 0.241287
