1 0.563784 0.713005 0.207475 0.272787
1 0.52379 0.465674 0.192027 0.263232
1 0.670452 0.429757 0.181418 0.299113
1 0.856613 0.869184 0.204474 0.260504
1 0.83446 0.630493 0.19495 0.237459
1 0.932976 0.389338 0.134048 0.276529
1 0.811896 0.440836 0.175185 0.238821
1 0.756221 0.202572 0.209821 0.236921
0 0.367998 0.720326 0.117866 0.156852
1 0.40557 0.296272 0.199151 0.256127
1 0.77012 0.842992 0.197493 0.281109
1 0.21905 0.164621 0.196335 0.262484
1 0.136366 0.443611 0.202694 0.262345
1 0.130514 0.48501 0.222611 0.346313
1 0.0257033 0.625149 0.0513535 0.266497
2 0.336641 0.621277 0.379349 0.492815
