1 0.750882 0.821789 0.208957 0.261613
1 0.339976 0.390862 0.181447 0.267503
2 0.673594 0.527383 0.354988 0.488929
1 0.890366 0.697911 0.177568 0.257148
1 0.202888 0.250173 0.228081 0.352424
1 0.950853 0.518908 0.0977346 0.272371
1 0.334555 0.634738 0.204653 0.280919
1 0.505105 0.236423 0.228416 0.28765
1 0.42811 0.892274 0.1859 0.212668
1 0.811031 0.128367 0.210139 0.256734
1 0.962043 0.757921 0.0758014 0.260384
1 0.893232 0.886838 0.200116 0.207704
1 0.905086 0.132677 0.189827 0.265354
1 0.185304 0.570135 0.189251 0.281079
