1 0.777735 0.547164 0.206854 0.272148
1 0.520218 0.881634 0.183976 0.224981
1 0.320808 0.577988 0.231088 0.301557
1 0.930668 0.428444 0.138664 0.303606
1 0.519613 0.672542 0.222504 0.270531
1 0.241522 0.817911 0.195887 0.248748
0 0.311135 0.311213 0.085955 0.120089
0 0.448805 0.432385 0.0780876 0.102671
0 0.613535 0.247491 0.0788718 0.109359
0 0.636872 0.0935578 0.112121 0.153329
1 0.50641 0.316071 0.169532 0.221871
1 0.764213 0.325243 0.259322 0.279222
1 0.902727 0.699672 0.194473 0.301678
0 0.538081 0.0927755 0.119677 0.153699
