1 0.192167 0.307396 0.174419 0.267109
1 0.294131 0.884038 0.263083 0.231924
1 0.750829 0.418049 0.191006 0.248852
1 0.666986 0.777893 0.223315 0.27246
1 0.563891 0.441723 0.217892 0.28874
1 0.456256 0.256356 0.188404 0.256534
1 0.929225 0.72517 0.14155 0.250821
2 0.319463 0.595105 0.345269 0.499427
1 0.554139 0.107818 0.200807 0.215636
1 0.650884 0.254679 0.181842 0.239014
1 0.954254 0.523958 0.0913226 0.239823
1 0.0757314 0.171503 0.151463 0.249845
1 0.089375 0.591576 0.17875 0.291677
1 0.606782 0.579355 0.206639 0.268044
1 0.792227 0.206392 0.171873 0.22385
