1 0.697426 0.421099 0.232746 0.279541
1 0.783528 0.812847 0.22162 0.287843
1 0.0777359 0.267351 0.154635 0.247559
1 0.064612 0.652554 0.129224 0.230946
1 0.0507686 0.46158 0.10106 0.238601
1 0.548056 0.755052 0.180595 0.235351
2 0.430856 0.457622 0.400501 0.54925
1 0.20152 0.158188 0.233646 0.274743
1 0.891542 0.36224 0.216826 0.329682
0 0.41919 0.591932 0.146614 0.189268
1 0.833153 0.597794 0.198452 0.245762
1 0.439879 0.135941 0.251202 0.271882
1 0.647814 0.897117 0.19639 0.201485
1 0.221876 0.565808 0.197257 0.302336
1 0.393255 0.760661 0.169372 0.235506
