1 0.518499 0.670638 0.218061 0.288334
1 0.748193 0.803475 0.229068 0.285086
1 0.672801 0.563835 0.198916 0.26126
1 0.477065 0.874284 0.206556 0.251433
1 0.192373 0.755446 0.204283 0.27234
0 0.496982 0.265818 0.119796 0.177067
1 0.0879311 0.289432 0.166002 0.242397
2 0.458272 0.284425 0.414585 0.53494
0 0.314809 0.421731 0.113647 0.154046
1 0.13825 0.471085 0.242472 0.285957
1 0.301193 0.651415 0.227112 0.263616
1 0.218705 0.217835 0.17459 0.219675
0 0.455991 0.142682 0.133237 0.161386
1 0.697177 0.381296 0.194893 0.21159
1 0.168088 0.075091 0.170268 0.148484
