1 0.113868 0.558443 0.212818 0.271616
1 0.161859 0.3502 0.191164 0.259358
1 0.901688 0.495603 0.195183 0.270016
2 0.539501 0.322336 0.35736 0.536854
1 0.258257 0.140104 0.221265 0.280209
1 0.910507 0.643193 0.178986 0.23849
1 0.767266 0.223264 0.251154 0.30296
1 0.94414 0.291037 0.110997 0.278484
1 0.32022 0.316688 0.19525 0.243268
1 0.503014 0.650078 0.194698 0.267044
1 0.220645 0.813501 0.192088 0.246434
1 0.487868 0.863126 0.190506 0.243696
1 0.318493 0.630384 0.167088 0.240468
1 0.614216 0.696354 0.235004 0.318748
1 0.0611325 0.775923 0.122046 0.232459
1 0.907716 0.78467 0.177233 0.270754
