1 0.309869 0.800715 0.221254 0.276586
1 0.210201 0.652525 0.219119 0.301629
1 0.224041 0.416746 0.207659 0.24402
1 0.392539 0.596458 0.225342 0.260605
1 0.893102 0.494877 0.191536 0.263675
1 0.686505 0.800241 0.19628 0.275417
1 0.34654 0.270203 0.179622 0.244285
1 0.762558 0.900429 0.210364 0.19431
1 0.804556 0.650165 0.193418 0.267516
1 0.88482 0.723942 0.204549 0.261852
2 0.643199 0.316338 0.344994 0.462715
1 0.892326 0.291749 0.205107 0.211
1 0.513654 0.801682 0.199107 0.260759
0 0.728727 0.349041 0.104466 0.181928
1 0.978986 0.642655 0.0419968 0.320773
