1 0.866413 0.593885 0.217692 0.300468
1 0.522878 0.772575 0.183038 0.254616
1 0.885172 0.293201 0.188972 0.266694
1 0.367017 0.864434 0.218139 0.238587
1 0.500115 0.546729 0.282993 0.303206
1 0.242624 0.494032 0.23608 0.26099
1 0.725971 0.2231 0.20774 0.326789
1 0.264912 0.286708 0.219292 0.279384
1 0.701199 0.460547 0.218125 0.256011
1 0.103757 0.670941 0.183893 0.299704
1 0.305961 0.68617 0.190666 0.22075
1 0.972619 0.258505 0.0544926 0.350371
1 0.0931917 0.2472 0.166248 0.252513
1 0.959397 0.888921 0.0811993 0.220228
