1 0.111712 0.533969 0.202413 0.264572
1 0.298748 0.863505 0.214507 0.26606
1 0.790572 0.478796 0.188715 0.27522
1 0.188389 0.718666 0.181461 0.253552
1 0.0773506 0.768091 0.154701 0.2546
2 0.444842 0.579484 0.361797 0.493515
1 0.655926 0.308163 0.232307 0.28585
1 0.140055 0.901483 0.200135 0.193009
1 0.749763 0.722322 0.213322 0.282951
1 0.380346 0.161457 0.194238 0.26159
1 0.917777 0.355965 0.164446 0.35672
1 0.906288 0.669191 0.187423 0.279839
0 0.664124 0.77268 0.0746869 0.103425
1 0.799683 0.221044 0.195215 0.193215
