1 0.602644 0.21842 0.22567 0.261337
1 0.399006 0.422492 0.205347 0.273403
1 0.552876 0.422293 0.192994 0.235047
1 0.10355 0.521424 0.186693 0.2692
1 0.10627 0.907194 0.182387 0.181575
1 0.271626 0.295515 0.221113 0.267458
1 0.574829 0.749739 0.220866 0.297649
1 0.13764 0.741676 0.185267 0.227975
1 0.755027 0.501743 0.243197 0.30539
0 0.583099 0.0629606 0.0867027 0.0942696
1 0.487289 0.73151 0.188968 0.250503
1 0.675154 0.906341 0.190706 0.183784
1 0.855886 0.75654 0.202171 0.282176
1 0.356605 0.152112 0.203491 0.263508
1 0.070278 0.246983 0.140556 0.391001
