1 0.291414 0.881502 0.217707 0.236997
1 0.811381 0.734781 0.193938 0.219115
2 0.602598 0.502294 0.434333 0.566756
1 0.267268 0.659889 0.241082 0.2513
1 0.642271 0.805417 0.227845 0.258473
1 0.906765 0.560865 0.186469 0.272865
1 0.217822 0.337221 0.192193 0.236298
1 0.117193 0.90415 0.177923 0.188038
1 0.549397 0.21723 0.192567 0.235007
1 0.52048 0.866026 0.204649 0.259896
1 0.192691 0.456691 0.19093 0.263671
1 0.80702 0.399606 0.201242 0.262793
0 0.869201 0.305827 0.0773806 0.095391
1 0.961053 0.763071 0.077814 0.255707
