1 0.774102 0.881508 0.19655 0.236984
1 0.786076 0.666616 0.210863 0.262419
1 0.62012 0.771008 0.188515 0.258082
1 0.494178 0.603157 0.204083 0.30402
1 0.0876988 0.418485 0.172946 0.287742
1 0.113701 0.190927 0.197755 0.242801
1 0.666974 0.460962 0.213698 0.271843
1 0.199587 0.638967 0.212903 0.330929
1 0.898594 0.157286 0.202204 0.23866
1 0.887212 0.387963 0.169978 0.269333
2 0.517219 0.210895 0.343377 0.419264
1 0.716255 0.107644 0.191669 0.214004
0 0.315141 0.64218 0.0790814 0.101945
1 0.429972 0.832415 0.186026 0.20865
0 0.36215 0.336006 0.0815619 0.11202
1 0.694434 0.320944 0.196561 0.248602
1 0.0218401 0.58496 0.0436488 0.303293
