1 0.725171 0.396599 0.196905 0.252
1 0.33979 0.31051 0.228852 0.300699
1 0.382879 0.564938 0.18769 0.261264
1 0.223766 0.478696 0.203855 0.249261
1 0.199023 0.902861 0.195177 0.189063
1 0.784692 0.760694 0.220415 0.297084
1 0.838871 0.202856 0.211323 0.284136
1 0.935303 0.516304 0.129394 0.306465
0 0.55433 0.864155 0.123211 0.157833
1 0.487352 0.174443 0.174615 0.24116
1 0.216547 0.701223 0.23763 0.26793
1 0.318777 0.793743 0.182191 0.255187
1 0.696925 0.590272 0.186398 0.220324
0 0.630417 0.759506 0.151424 0.210096
1 0.740562 0.143813 0.201913 0.251093
2 0.545814 0.780109 0.39061 0.434666
1 0.605324 0.285418 0.171923 0.243143
1 0.941157 0.336515 0.117233 0.263614
0 0.468578 0.786591 0.139551 0.172822
1 0.0729889 0.444354 0.14558 0.267434
