1 0.56939 0.743295 0.198721 0.263146
1 0.310966 0.809374 0.237185 0.322842
1 0.437852 0.648018 0.185574 0.244525
0 0.23845 0.602102 0.133293 0.152831
1 0.446062 0.399218 0.172046 0.268117
1 0.786604 0.436421 0.180718 0.258765
0 0.244741 0.416325 0.148136 0.184116
1 0.74897 0.633406 0.268403 0.305771
1 0.781724 0.868274 0.229578 0.263451
0 0.318249 0.485741 0.112279 0.164087
2 0.257248 0.497664 0.301886 0.408518
1 0.844229 0.20981 0.23317 0.228395
1 0.084865 0.320298 0.164109 0.24617
1 0.236658 0.105929 0.24182 0.211859
