1 0.767422 0.487961 0.191534 0.260235
1 0.835917 0.880244 0.205917 0.239512
1 0.851876 0.682251 0.185242 0.230805
1 0.89235 0.351767 0.193471 0.256062
1 0.563761 0.277601 0.204792 0.257348
0 0.339508 0.52842 0.140077 0.177287
1 0.394807 0.225161 0.193392 0.249167
1 0.132326 0.521892 0.196682 0.229714
2 0.441803 0.586899 0.375858 0.49565
0 0.505432 0.538424 0.141373 0.220613
1 0.658888 0.673747 0.182951 0.252248
1 0.223152 0.414461 0.200579 0.24255
1 0.602339 0.79413 0.214654 0.300054
1 0.359136 0.876272 0.201221 0.241503
1 0.0990216 0.888427 0.197502 0.218694
1 0.134946 0.701476 0.203956 0.232855
1 0.717719 0.285347 0.197539 0.219907
0 0.453258 0.666085 0.122239 0.157826
1 0.0363871 0.781615 0.0727743 0.295242
