1 0.793093 0.448948 0.207932 0.282185
1 0.323915 0.318759 0.200982 0.304143
1 0.721257 0.216446 0.199335 0.240636
1 0.867407 0.135987 0.182119 0.243626
1 0.477311 0.650671 0.219855 0.265812
1 0.161128 0.269632 0.197385 0.246371
1 0.696666 0.637553 0.169164 0.269012
1 0.932219 0.687416 0.135563 0.30353
1 0.252096 0.724222 0.191303 0.243713
1 0.810777 0.656162 0.209155 0.264081
1 0.906599 0.881377 0.186802 0.234051
1 0.250205 0.90218 0.208707 0.191194
1 0.460167 0.453749 0.193003 0.275109
1 0.182117 0.406735 0.197386 0.252113
1 0.669989 0.869522 0.189485 0.247608
1 0.507191 0.844456 0.219915 0.255877
1 0.96447 0.468454 0.0709531 0.263012
1 0.520341 0.422633 0.227005 0.259994
