1 0.338387 0.66282 0.219263 0.275214
1 0.334466 0.875661 0.21146 0.247676
1 0.309558 0.119952 0.216631 0.239905
1 0.69277 0.275059 0.196537 0.256755
1 0.549856 0.299769 0.21915 0.282723
1 0.944374 0.793445 0.111252 0.334286
1 0.922948 0.21449 0.153616 0.235238
1 0.247711 0.478483 0.251225 0.31648
1 0.82124 0.391084 0.189391 0.253971
1 0.423773 0.468434 0.18671 0.24748
1 0.641393 0.491897 0.217357 0.255736
1 0.8654 0.644567 0.221215 0.342104
1 0.973036 0.394378 0.0538917 0.28411
1 0.21508 0.494835 0.186604 0.277257
2 0.660798 0.773378 0.370227 0.453244
