1 0.276012 0.728643 0.205407 0.282657
1 0.124942 0.728107 0.204539 0.271314
1 0.270061 0.404094 0.207998 0.287239
1 0.428662 0.492016 0.22098 0.315604
1 0.577336 0.896634 0.198296 0.206733
1 0.473462 0.675346 0.223901 0.266975
2 0.662991 0.343648 0.377056 0.496908
1 0.736127 0.890059 0.173066 0.215509
0 0.411847 0.275536 0.0847777 0.114033
1 0.853802 0.772303 0.222688 0.274828
1 0.881421 0.235132 0.205698 0.267692
0 0.88538 0.473797 0.0744342 0.0860347
1 0.934285 0.397167 0.130601 0.267028
1 0.635016 0.689012 0.18105 0.255185
