1 0.780828 0.671811 0.18168 0.243854
1 0.798153 0.123386 0.193274 0.242389
1 0.151693 0.507959 0.192754 0.277755
0 0.503358 0.373168 0.140786 0.161044
1 0.370286 0.615834 0.180736 0.271408
1 0.198058 0.729615 0.241241 0.257278
1 0.602842 0.606775 0.173733 0.224724
1 0.51917 0.660697 0.185904 0.249328
1 0.0991758 0.298827 0.197539 0.262596
1 0.0539094 0.547639 0.107819 0.267806
2 0.503558 0.294478 0.277995 0.364902
1 0.937429 0.589492 0.125142 0.261618
1 0.719707 0.350089 0.190392 0.27201
0 0.450768 0.277746 0.120547 0.164885
