1 0.325742 0.382798 0.221931 0.260959
1 0.914271 0.757694 0.171459 0.229176
1 0.28279 0.899529 0.215996 0.195736
1 0.53015 0.71759 0.216846 0.283426
1 0.943457 0.169453 0.113015 0.328456
1 0.408013 0.56209 0.186274 0.254819
1 0.226852 0.568858 0.249509 0.307279
1 0.669277 0.72553 0.198267 0.253846
1 0.801243 0.594368 0.187599 0.241999
1 0.329829 0.161881 0.210831 0.263331
1 0.850833 0.330133 0.211465 0.338991
2 0.661203 0.228021 0.380217 0.456041
1 0.964966 0.590899 0.0700686 0.315672
1 0.623577 0.516275 0.225424 0.249327
