1 0.808908 0.332475 0.2171 0.296178
1 0.64347 0.390452 0.178592 0.257421
1 0.0881873 0.433712 0.174567 0.291443
1 0.42238 0.723442 0.217664 0.336614
1 0.700042 0.740444 0.261361 0.365163
0 0.097136 0.626023 0.117668 0.158445
1 0.2121 0.337375 0.2008 0.252626
1 0.584721 0.616354 0.18505 0.275147
1 0.907932 0.638021 0.181378 0.268706
1 0.293677 0.886785 0.215903 0.222678
1 0.31125 0.535252 0.180332 0.252701
1 0.631205 0.911188 0.204538 0.173958
2 0.111324 0.725528 0.222647 0.425146
0 0.230859 0.150203 0.0803977 0.102721
