1 0.683895 0.292462 0.224431 0.280802
1 0.214426 0.415082 0.183533 0.264659
1 0.696655 0.530898 0.212373 0.2828
0 0.821402 0.512576 0.136483 0.180212
1 0.080597 0.325838 0.160995 0.275741
1 0.208213 0.788231 0.199572 0.271422
2 0.427853 0.666588 0.411388 0.558052
1 0.496155 0.284495 0.202637 0.265543
1 0.317062 0.241629 0.184619 0.234053
1 0.162863 0.110569 0.201108 0.221138
1 0.0746834 0.652839 0.148764 0.285041
1 0.736798 0.772797 0.267696 0.27938
0 0.880916 0.871692 0.0736011 0.095669
0 0.525806 0.629824 0.140647 0.182361
1 0.371071 0.102512 0.19072 0.205024
