1 0.755085 0.273597 0.214385 0.275866
1 0.615552 0.674496 0.221127 0.249449
1 0.665354 0.872921 0.208994 0.248219
1 0.79974 0.718116 0.188424 0.264569
1 0.578687 0.476807 0.184611 0.24343
1 0.765615 0.489091 0.228035 0.250636
1 0.107126 0.872587 0.211925 0.254827
1 0.419738 0.807939 0.187876 0.241304
1 0.922806 0.673517 0.154387 0.293597
1 0.059205 0.479927 0.11841 0.281266
1 0.408637 0.182249 0.210224 0.29676
1 0.194707 0.40615 0.188989 0.258981
2 0.385305 0.506935 0.396413 0.51824
1 0.0485554 0.767934 0.0971108 0.335021
0 0.30456 0.358902 0.115502 0.148995
