1 0.879007 0.483079 0.217547 0.30055
1 0.711623 0.681644 0.204547 0.269988
1 0.651707 0.887455 0.207425 0.22378
1 0.720135 0.462722 0.200075 0.258426
1 0.155132 0.271046 0.182771 0.226909
1 0.804259 0.25443 0.190353 0.255724
1 0.38532 0.402096 0.211126 0.261316
1 0.608466 0.463598 0.170454 0.264844
1 0.247315 0.700016 0.195437 0.300026
1 0.0954266 0.70765 0.190853 0.251978
1 0.0470892 0.21142 0.0941785 0.271741
1 0.563512 0.226564 0.186247 0.246328
1 0.410996 0.219264 0.222758 0.245036
1 0.103166 0.580103 0.194657 0.255642
1 0.805088 0.943354 0.175947 0.109814
1 0.373672 0.599322 0.190458 0.279549
1 0.443155 0.630691 0.210206 0.261792
1 0.41174 0.60977 0.242154 0.283415
1 0.143481 0.0913734 0.191553 0.180614
