1 0.829637 0.505402 0.214124 0.278148
1 0.75404 0.82695 0.225643 0.293432
1 0.0525952 0.753247 0.105036 0.244936
1 0.823342 0.287436 0.182965 0.249861
1 0.628507 0.470115 0.202486 0.271578
1 0.694285 0.242447 0.197863 0.256799
1 0.0614451 0.287718 0.122822 0.259683
1 0.638727 0.680909 0.219343 0.257089
2 0.169996 0.48989 0.339991 0.461844
0 0.246834 0.435201 0.142458 0.237419
1 0.189161 0.835297 0.183796 0.241682
0 0.0963056 0.567321 0.114928 0.186081
1 0.372057 0.626715 0.247368 0.273056
1 0.475114 0.916927 0.201552 0.162023
1 0.432928 0.268081 0.196098 0.242125
