1 0.159682 0.229783 0.226801 0.294953
1 0.469711 0.22927 0.203875 0.274711
1 0.278596 0.387175 0.19544 0.256432
1 0.401831 0.501252 0.162764 0.251149
1 0.298483 0.797609 0.211801 0.270879
1 0.60585 0.364951 0.183158 0.251195
1 0.107158 0.495019 0.191623 0.27214
1 0.246219 0.604028 0.179007 0.233287
1 0.741068 0.190191 0.193173 0.257251
1 0.928173 0.356104 0.143631 0.280754
1 0.858309 0.681402 0.182746 0.264534
2 0.638992 0.658788 0.387007 0.494096
1 0.874968 0.306548 0.198519 0.254923
1 0.0934466 0.726856 0.145441 0.234964
1 0.977981 0.605186 0.0440374 0.327244
