1 0.397073 0.606648 0.194226 0.249805
1 0.83483 0.487775 0.208376 0.286371
1 0.326495 0.480626 0.18372 0.229665
1 0.246202 0.225332 0.24061 0.306406
0 0.545587 0.774701 0.116403 0.164343
1 0.832524 0.730173 0.211536 0.312461
2 0.61083 0.669564 0.340898 0.398895
1 0.0901518 0.65572 0.177819 0.297211
1 0.42923 0.231161 0.17914 0.239436
1 0.570397 0.307493 0.205819 0.289343
1 0.929849 0.373918 0.140302 0.309203
0 0.543553 0.585506 0.157892 0.191604
0 0.685577 0.636501 0.138705 0.161356
1 0.233997 0.763049 0.197297 0.208653
