1 0.0855594 0.690409 0.170759 0.325727
2 0.350109 0.34051 0.325693 0.424202
1 0.760069 0.825035 0.21422 0.266525
0 0.211133 0.865076 0.0714585 0.0878356
0 0.397238 0.418881 0.123357 0.167814
1 0.315855 0.107663 0.192853 0.215326
1 0.799976 0.169483 0.24924 0.271745
1 0.697072 0.399583 0.206056 0.270743
1 0.593469 0.711227 0.218114 0.2907
1 0.968596 0.250673 0.0627942 0.295421
1 0.532483 0.601899 0.177678 0.244812
1 0.482518 0.831407 0.189062 0.25164
1 0.121626 0.36737 0.199739 0.27722
1 0.154115 0.104356 0.16993 0.208712
1 0.651278 0.289328 0.199446 0.298489
1 0.599006 0.100609 0.203646 0.198427
1 0.798133 0.649476 0.227541 0.316417
