1 0.413462 0.265218 0.210981 0.270316
1 0.798689 0.76119 0.186944 0.238233
1 0.25562 0.484117 0.196161 0.25491
1 0.789853 0.436122 0.206732 0.28891
1 0.237713 0.293804 0.197868 0.253332
1 0.385038 0.644404 0.217586 0.244897
0 0.57317 0.10026 0.0864905 0.0958625
1 0.781991 0.255663 0.224146 0.229606
1 0.0983011 0.529383 0.196602 0.299414
2 0.277009 0.0989841 0.261593 0.197968
0 0.524427 0.856906 0.0726242 0.100992
1 0.818225 0.105382 0.229906 0.210764
1 0.478479 0.494023 0.206234 0.258475
1 0.0836174 0.300109 0.167055 0.270671
1 0.957409 0.160594 0.085153 0.280334
1 0.614453 0.406822 0.231038 0.306377
0 0.338285 0.077087 0.110392 0.151763
