1 0.685574 0.595925 0.201277 0.267987
1 0.604546 0.810733 0.195385 0.253561
1 0.361369 0.789239 0.213235 0.224196
1 0.271436 0.499385 0.17796 0.24305
1 0.0998252 0.560568 0.19965 0.265539
1 0.427239 0.584195 0.187428 0.252458
1 0.794333 0.867917 0.174016 0.204657
1 0.876163 0.285429 0.191527 0.253718
1 0.194313 0.208719 0.194579 0.220257
1 0.795856 0.44027 0.185855 0.248085
1 0.619527 0.387178 0.182441 0.243149
1 0.151091 0.671458 0.199613 0.250994
1 0.0940534 0.346259 0.188107 0.21811
0 0.42107 0.131376 0.108103 0.134785
