1 0.104503 0.765493 0.183089 0.312292
1 0.203141 0.4 0.207286 0.261585
1 0.454331 0.251766 0.201167 0.250887
1 0.734267 0.622173 0.173442 0.236593
1 0.363384 0.771743 0.192973 0.254365
1 0.855642 0.676414 0.162393 0.223419
1 0.0477345 0.516819 0.0954689 0.259726
1 0.374643 0.907228 0.184983 0.181871
1 0.0504385 0.21805 0.10082 0.272901
2 0.630731 0.826987 0.402979 0.34176
1 0.619895 0.231854 0.184222 0.245866
1 0.0904808 0.325874 0.179972 0.268218
1 0.86155 0.484023 0.151226 0.301617
1 0.608192 0.428059 0.20071 0.273163
