1 0.250473 0.427793 0.187852 0.265932
0 0.856738 0.604478 0.131938 0.172547
1 0.730286 0.609176 0.210761 0.285125
1 0.210798 0.78957 0.197831 0.273521
1 0.111992 0.320662 0.180631 0.270824
1 0.736409 0.371781 0.222277 0.275584
1 0.897924 0.210996 0.1979 0.260736
2 0.447935 0.70011 0.416398 0.557701
1 0.944244 0.459595 0.111511 0.324025
1 0.367484 0.27422 0.183606 0.236451
1 0.54835 0.343049 0.198411 0.262
0 0.885925 0.957313 0.0834955 0.0841227
1 0.211096 0.930595 0.191238 0.135417
1 0.754953 0.84914 0.265118 0.291425
0 0.544807 0.679385 0.141291 0.185165
1 0.640397 0.915685 0.201352 0.16551
