1 0.800078 0.225606 0.218988 0.284855
1 0.685701 0.423696 0.188052 0.234413
1 0.71959 0.629995 0.183211 0.223573
1 0.492946 0.342223 0.197307 0.25523
1 0.227585 0.41231 0.186113 0.242785
1 0.56856 0.596354 0.161097 0.245295
1 0.1151 0.260075 0.198108 0.269506
1 0.855061 0.465481 0.187917 0.262713
1 0.666948 0.855654 0.20937 0.265492
1 0.363994 0.53589 0.182077 0.268134
2 0.334826 0.803329 0.373027 0.389909
1 0.342426 0.213452 0.217444 0.2616
1 0.1179 0.910697 0.19139 0.175296
1 0.160686 0.621221 0.193948 0.260116
1 0.100202 0.585118 0.200404 0.267977
1 0.0605508 0.675387 0.121102 0.270117
