1 0.427927 0.601006 0.211505 0.293974
1 0.794434 0.317579 0.19781 0.289029
1 0.911296 0.59462 0.177407 0.303365
1 0.410231 0.225447 0.223189 0.305426
1 0.816391 0.806298 0.199389 0.260984
1 0.575467 0.330583 0.195796 0.270786
1 0.646799 0.757585 0.204578 0.255466
1 0.0953087 0.57378 0.187539 0.285977
1 0.194122 0.442395 0.203669 0.250101
1 0.100877 0.789037 0.201387 0.232858
1 0.955714 0.385889 0.0883277 0.288016
1 0.558901 0.757206 0.187655 0.253615
1 0.35938 0.362677 0.190169 0.246612
1 0.142337 0.220629 0.176019 0.256823
1 0.55918 0.0945091 0.189717 0.188165
1 0.876234 0.162065 0.187204 0.245013
