1 0.281316 0.354148 0.217381 0.268027
1 0.0968592 0.690046 0.193718 0.301457
1 0.758316 0.905341 0.192549 0.184888
1 0.785855 0.360793 0.22811 0.270532
1 0.855498 0.545647 0.181267 0.252309
1 0.142333 0.878242 0.21966 0.242726
1 0.578407 0.188396 0.217812 0.266414
1 0.104579 0.460144 0.200671 0.256384
0 0.438971 0.668686 0.154967 0.193934
1 0.83196 0.775948 0.17331 0.255118
1 0.297446 0.761133 0.167494 0.237293
1 0.123283 0.180013 0.20553 0.308284
1 0.646182 0.750343 0.254271 0.307921
2 0.496021 0.537883 0.35997 0.541376
