1 0.774055 0.330293 0.237344 0.288255
1 0.909119 0.51818 0.170727 0.318369
1 0.460804 0.870148 0.204859 0.230398
1 0.679823 0.754459 0.205766 0.237682
1 0.230384 0.679835 0.206952 0.281184
2 0.498868 0.42161 0.349948 0.456708
1 0.95797 0.14729 0.0839136 0.257793
1 0.737112 0.551115 0.203864 0.258189
1 0.164678 0.152815 0.181512 0.220545
1 0.169197 0.363015 0.222862 0.253916
1 0.976323 0.380619 0.0472816 0.296797
1 0.631508 0.147004 0.194532 0.243833
1 0.118841 0.576929 0.158132 0.228995
0 0.461651 0.483304 0.0976996 0.148199
