1 0.823266 0.356979 0.161668 0.212393
1 0.212535 0.299249 0.253906 0.349167
1 0.174333 0.776474 0.190975 0.265186
1 0.55658 0.401854 0.193343 0.252196
1 0.725657 0.385523 0.150734 0.24116
0 0.453555 0.558742 0.145025 0.213637
1 0.716057 0.618637 0.211455 0.272036
2 0.380051 0.637331 0.360765 0.490698
1 0.576832 0.58958 0.161382 0.252552
1 0.47135 0.174627 0.194625 0.26129
1 0.331766 0.898999 0.214842 0.196959
1 0.375228 0.245192 0.201496 0.286365
1 0.755371 0.794229 0.185999 0.264803
1 0.491744 0.903614 0.185202 0.189238
