1 0.843392 0.534768 0.226208 0.258001
1 0.712889 0.653013 0.189177 0.249568
1 0.860891 0.247882 0.20071 0.259401
1 0.854306 0.749612 0.221535 0.235033
1 0.546112 0.643102 0.17781 0.241068
1 0.410592 0.753218 0.202302 0.267341
1 0.709195 0.379101 0.17675 0.265725
2 0.281057 0.347498 0.370904 0.579585
1 0.0662105 0.110561 0.132421 0.218665
1 0.649041 0.807223 0.179529 0.192442
1 0.364697 0.0908904 0.23047 0.181781
1 0.821397 0.0849963 0.160278 0.167881
1 0.173259 0.0762084 0.197573 0.151578
1 0.246237 0.656012 0.214943 0.27602
