1 0.162202 0.850701 0.258787 0.297275
1 0.314418 0.530022 0.191105 0.24264
1 0.784972 0.824242 0.263987 0.275746
2 0.810979 0.345109 0.352164 0.405689
1 0.479967 0.270328 0.211672 0.348239
1 0.614312 0.240261 0.175092 0.247303
0 0.845135 0.270647 0.136797 0.169657
1 0.0760383 0.319325 0.150841 0.267678
1 0.836741 0.114646 0.210713 0.22401
1 0.952187 0.490783 0.0956255 0.320672
1 0.633518 0.0877933 0.197672 0.175269
1 0.357697 0.170227 0.156821 0.23424
0 0.866401 0.412894 0.162292 0.190706
0 0.260156 0.217946 0.0878133 0.0905193
0 0.849262 0.43312 0.133949 0.152102
