1 0.773375 0.879796 0.186559 0.23791
1 0.750559 0.510898 0.198999 0.256504
1 0.496407 0.764574 0.201278 0.272513
1 0.682439 0.705509 0.182889 0.243328
1 0.233014 0.787723 0.185787 0.276899
1 0.61455 0.881579 0.201205 0.236842
2 0.301199 0.458947 0.348548 0.477938
1 0.821823 0.707109 0.174176 0.240241
1 0.607265 0.186999 0.227518 0.259357
1 0.879697 0.149147 0.16477 0.236601
1 0.235793 0.179179 0.251217 0.258674
0 0.211668 0.388769 0.136662 0.19026
1 0.584168 0.378779 0.199951 0.224706
1 0.972618 0.833393 0.0547647 0.315649
1 0.939993 0.595827 0.119698 0.257593
1 0.563375 0.548432 0.211827 0.298933
1 0.798158 0.303189 0.178711 0.261039
