1 0.603964 0.512168 0.209731 0.270045
1 0.587157 0.863917 0.250591 0.272167
1 0.396866 0.747536 0.195058 0.296748
1 0.16019 0.829829 0.208224 0.257458
1 0.875731 0.492481 0.176176 0.248795
1 0.808455 0.8239 0.20716 0.236833
2 0.292175 0.401918 0.380979 0.477047
1 0.487869 0.418221 0.200402 0.290165
1 0.0732183 0.504178 0.144707 0.267127
0 0.300353 0.876241 0.0954503 0.120071
1 0.71637 0.35329 0.20033 0.242689
1 0.116314 0.118411 0.197492 0.236287
0 0.0155742 0.191553 0.030906 0.118843
1 0.803176 0.276741 0.188219 0.231972
1 0.847881 0.684868 0.187259 0.261926
1 0.425523 0.149538 0.210495 0.269381
1 0.768452 0.470807 0.195484 0.256494
