1 0.544938 0.70839 0.1841 0.246886
1 0.239826 0.193453 0.225324 0.267806
0 0.394327 0.291298 0.124935 0.164443
1 0.896543 0.742485 0.194538 0.255593
1 0.337263 0.835259 0.177828 0.286681
1 0.221775 0.498761 0.183283 0.269187
0 0.588031 0.252845 0.149968 0.187273
1 0.955416 0.832412 0.0885017 0.261864
1 0.728722 0.318577 0.188037 0.259946
1 0.15628 0.741286 0.191912 0.293823
1 0.669155 0.607723 0.253104 0.280055
1 0.360932 0.562717 0.217532 0.269319
1 0.916192 0.481622 0.167616 0.245844
1 0.964679 0.36711 0.0706411 0.342765
1 0.609203 0.89182 0.214515 0.211143
1 0.977258 0.602878 0.0453498 0.277161
