2 0.633443 0.455499 0.400596 0.558618
1 0.10702 0.491465 0.1816 0.241594
1 0.278135 0.810083 0.200707 0.255644
1 0.847649 0.590454 0.192842 0.28136
0 0.767181 0.323596 0.0814852 0.0947403
1 0.180179 0.170842 0.195491 0.248467
1 0.733115 0.831944 0.190335 0.245018
1 0.0483365 0.492235 0.0966729 0.325531
0 0.635653 0.392486 0.150721 0.174273
1 0.278454 0.369404 0.288234 0.277575
1 0.874933 0.324505 0.19402 0.261326
1 0.421491 0.67139 0.228451 0.275174
0 0.0209042 0.75863 0.0418085 0.0859423
1 0.661971 0.872072 0.228468 0.254603
0 0.535692 0.528277 0.110382 0.157591
