1 0.13843 0.385161 0.213783 0.287086
1 0.321442 0.607944 0.199553 0.269467
1 0.296371 0.386414 0.195174 0.259873
1 0.855059 0.266684 0.180784 0.228983
1 0.633096 0.36754 0.209908 0.251686
1 0.249966 0.899831 0.184479 0.197858
1 0.412614 0.400379 0.174881 0.263416
1 0.199515 0.169066 0.191466 0.247338
1 0.925108 0.71674 0.149783 0.251739
1 0.785313 0.683317 0.194227 0.29817
1 0.395528 0.829071 0.196282 0.236826
1 0.650448 0.567816 0.194095 0.282148
1 0.954428 0.230244 0.0910257 0.284514
1 0.916112 0.577339 0.167776 0.244374
1 0.439977 0.169829 0.187275 0.24756
1 0.60073 0.178566 0.217326 0.245289
1 0.851841 0.0918447 0.19314 0.180148
0 0.527924 0.929267 0.100426 0.119608
