1 0.173779 0.556783 0.215358 0.273896
1 0.898672 0.174671 0.202655 0.265766
1 0.379846 0.706042 0.179701 0.285304
1 0.229607 0.362392 0.256373 0.249841
1 0.732614 0.187244 0.215077 0.270212
1 0.373101 0.18623 0.189562 0.228266
1 0.903237 0.476778 0.193526 0.283445
1 0.0637051 0.323084 0.126244 0.236261
1 0.60032 0.70065 0.212163 0.296115
0 0.699409 0.779023 0.0867834 0.105855
0 0.57057 0.366996 0.14308 0.170778
1 0.0669478 0.655062 0.133886 0.239117
1 0.524374 0.836902 0.179836 0.234282
2 0.514812 0.446718 0.413937 0.496212
1 0.799341 0.488458 0.190515 0.269597
1 0.693048 0.898961 0.181477 0.198738
1 0.592889 0.17377 0.201062 0.235703
1 0.805302 0.850789 0.22669 0.285225
