1 0.305865 0.560673 0.208337 0.277463
1 0.555848 0.823996 0.221525 0.315813
1 0.913705 0.360291 0.172591 0.267695
1 0.925448 0.582916 0.149104 0.250318
1 0.480132 0.533441 0.212955 0.256342
1 0.234999 0.773266 0.185816 0.239101
0 0.150455 0.261381 0.11183 0.14216
1 0.490162 0.244618 0.197531 0.263829
1 0.882284 0.871699 0.175204 0.242263
1 0.067376 0.336301 0.134752 0.238654
1 0.436393 0.295005 0.198857 0.260559
0 0.617378 0.180938 0.087321 0.120245
0 0.788997 0.763554 0.138922 0.172567
2 0.744213 0.634184 0.349998 0.459183
1 0.314524 0.0850024 0.202762 0.169508
1 0.486431 0.919468 0.199448 0.158402
