1 0.435917 0.826643 0.19716 0.264063
1 0.716281 0.474521 0.189122 0.249349
1 0.573475 0.576321 0.19018 0.257184
1 0.677448 0.780291 0.214469 0.231325
1 0.867404 0.311613 0.19343 0.216347
1 0.32041 0.618777 0.202577 0.266486
1 0.0873348 0.325988 0.173073 0.253861
1 0.264302 0.896506 0.176631 0.202653
1 0.742844 0.179757 0.192316 0.232345
1 0.349552 0.402063 0.182261 0.254763
1 0.890283 0.522747 0.207119 0.262462
1 0.18938 0.474503 0.177405 0.257197
0 0.490471 0.157687 0.137464 0.213603
1 0.861822 0.641517 0.201614 0.261266
