1 0.12266 0.287966 0.199567 0.284678
1 0.772611 0.332772 0.178295 0.255322
1 0.811907 0.565974 0.195535 0.243429
1 0.581388 0.396965 0.234812 0.313082
1 0.579552 0.871891 0.203437 0.232312
1 0.408946 0.477554 0.199466 0.265146
2 0.264773 0.666783 0.341373 0.447747
1 0.0887816 0.114358 0.177563 0.228715
1 0.31556 0.280445 0.200305 0.255492
1 0.41195 0.854431 0.183478 0.24806
1 0.709401 0.151006 0.177965 0.244577
1 0.0629674 0.651387 0.12576 0.265693
1 0.407643 0.319268 0.196826 0.241059
1 0.480107 0.672528 0.195881 0.2817
1 0.695538 0.775223 0.198889 0.250731
1 0.447556 0.103173 0.217881 0.206345
