1 0.345105 0.525124 0.210249 0.289384
1 0.0880384 0.40606 0.175558 0.281895
1 0.825779 0.902991 0.17517 0.190334
1 0.19126 0.701312 0.223 0.258643
1 0.226879 0.316833 0.169267 0.232833
1 0.632744 0.603418 0.196378 0.246247
0 0.412263 0.866832 0.134131 0.17
1 0.516517 0.264079 0.166517 0.229035
1 0.807356 0.1673 0.162918 0.184292
1 0.638163 0.284454 0.183948 0.254354
1 0.0387156 0.88468 0.0773763 0.225514
0 0.494989 0.796141 0.097599 0.143488
1 0.416066 0.396193 0.165524 0.211692
0 0.562878 0.854881 0.148787 0.210154
