1 0.352613 0.54542 0.214176 0.282038
1 0.585784 0.691046 0.224757 0.289801
1 0.50908 0.503627 0.191928 0.240326
1 0.346489 0.828486 0.209233 0.272384
1 0.687317 0.384767 0.212908 0.287844
1 0.073154 0.534644 0.146308 0.272861
1 0.0726116 0.308071 0.144549 0.237881
1 0.246489 0.716816 0.224813 0.289992
0 0.584116 0.846502 0.0886052 0.108843
1 0.209451 0.369259 0.20453 0.302733
2 0.219527 0.141063 0.36629 0.282126
1 0.0559843 0.764051 0.111969 0.294745
0 0.158095 0.141477 0.120077 0.157464
1 0.731444 0.769414 0.206787 0.20609
1 0.0439675 0.137346 0.087935 0.239983
1 0.486097 0.18472 0.228772 0.296847
