1 0.123439 0.558974 0.212034 0.284087
1 0.200908 0.857833 0.215146 0.27225
1 0.297112 0.568686 0.211657 0.317456
1 0.0807232 0.894961 0.161446 0.20531
1 0.384908 0.718503 0.216628 0.278486
1 0.537621 0.884651 0.19851 0.212057
2 0.495661 0.329156 0.383728 0.496343
1 0.694156 0.818001 0.168556 0.242462
1 0.781356 0.641744 0.221224 0.262877
1 0.796434 0.245365 0.198135 0.274761
1 0.680303 0.127473 0.205216 0.253024
1 0.253871 0.157338 0.200001 0.276833
0 0.234994 0.374669 0.0827334 0.118207
1 0.556784 0.658653 0.204716 0.25925
0 0.742369 0.346849 0.0717336 0.0872634
0 0.745546 0.416479 0.0728989 0.0866013
1 0.0443853 0.62035 0.0887707 0.409154
