2 0.561626 0.389039 0.422866 0.558506
0 0.671023 0.388084 0.151198 0.191698
1 0.149239 0.144804 0.169698 0.239879
1 0.146812 0.348292 0.180938 0.26858
1 0.870036 0.111645 0.160517 0.222751
1 0.321905 0.683176 0.163932 0.244423
1 0.849489 0.529684 0.21595 0.296095
0 0.613397 0.247025 0.115567 0.179685
1 0.331078 0.425975 0.205376 0.307492
1 0.699287 0.797505 0.192558 0.272441
1 0.0953581 0.68073 0.177066 0.218397
1 0.185524 0.517586 0.213914 0.274049
1 0.907816 0.748857 0.184369 0.273745
1 0.0359734 0.431969 0.0719469 0.380551
