1 0.805144 0.64464 0.191563 0.259773
1 0.69515 0.201633 0.237331 0.316516
1 0.22418 0.539048 0.156259 0.237727
1 0.530687 0.225841 0.20773 0.270694
1 0.194344 0.367431 0.184805 0.229151
1 0.126114 0.564726 0.177131 0.240619
1 0.385058 0.492747 0.199751 0.294854
2 0.597561 0.623922 0.375086 0.471721
1 0.261349 0.76824 0.218236 0.292284
0 0.49471 0.577535 0.14023 0.203741
1 0.429638 0.215571 0.202509 0.261472
1 0.393482 0.669445 0.157781 0.248559
1 0.0265662 0.564896 0.0531325 0.325681
1 0.676725 0.864186 0.214758 0.266373
1 0.527655 0.912099 0.182821 0.172141
