1 0.649787 0.270935 0.187986 0.25665
1 0.219476 0.64967 0.201798 0.276861
1 0.731915 0.6135 0.208471 0.276802
1 0.616235 0.48005 0.194362 0.249119
1 0.0955204 0.349423 0.191041 0.28244
1 0.0791881 0.715348 0.158376 0.26718
1 0.563135 0.669481 0.202115 0.266913
1 0.19424 0.192151 0.16481 0.246727
1 0.892339 0.51287 0.166622 0.25307
1 0.384087 0.772941 0.213439 0.306573
2 0.388397 0.436298 0.399875 0.559167
1 0.825248 0.293107 0.203769 0.266778
0 0.301274 0.902748 0.104481 0.122772
1 0.0763678 0.114211 0.151586 0.228421
1 0.762435 0.734372 0.161066 0.198081
1 0.345911 0.106712 0.178692 0.212232
1 0.517458 0.232709 0.162152 0.293511
1 0.0286088 0.509115 0.0572049 0.299424
