1 0.43708 0.304372 0.196991 0.26953
1 0.151502 0.403152 0.186889 0.258861
1 0.146207 0.640154 0.203358 0.275265
1 0.825092 0.638731 0.180794 0.258774
1 0.908137 0.855149 0.182155 0.224147
1 0.260882 0.691805 0.213418 0.26184
1 0.372068 0.527003 0.22215 0.310133
1 0.100065 0.75343 0.196304 0.243713
2 0.622058 0.641835 0.319644 0.437967
1 0.475877 0.863957 0.214629 0.271458
0 0.620102 0.770518 0.0827678 0.127455
1 0.906296 0.598891 0.176728 0.223713
1 0.736397 0.321818 0.230273 0.278508
1 0.96638 0.664219 0.0671807 0.263426
1 0.703155 0.325232 0.162684 0.254321
