1 0.753801 0.890596 0.217882 0.218413
1 0.591112 0.407623 0.211545 0.271568
1 0.292209 0.323251 0.221334 0.287028
1 0.449334 0.549096 0.214377 0.236532
1 0.058209 0.29255 0.116418 0.248097
0 0.813331 0.59814 0.109599 0.142346
1 0.0748722 0.7799 0.149744 0.245807
1 0.549968 0.782246 0.225653 0.345884
1 0.119243 0.926854 0.21559 0.143144
0 0.116695 0.517814 0.149248 0.173254
0 0.250502 0.511076 0.131324 0.142352
1 0.78717 0.326625 0.170966 0.255765
0 0.44573 0.948885 0.100867 0.0983292
2 0.181075 0.594231 0.337102 0.423856
1 0.0391567 0.478669 0.0783134 0.263856
1 0.559459 0.732177 0.199889 0.242493
0 0.0967995 0.65109 0.104408 0.138675
