1 0.729829 0.567751 0.25118 0.374048
1 0.472834 0.741324 0.234658 0.301349
1 0.439811 0.337733 0.236842 0.288547
1 0.104547 0.508814 0.191167 0.263614
1 0.0714015 0.893429 0.142218 0.212191
1 0.269808 0.558741 0.184451 0.260524
1 0.403713 0.89927 0.217878 0.196813
1 0.624274 0.3255 0.217829 0.244202
2 0.579795 0.159216 0.383754 0.318432
0 0.668908 0.0858069 0.133135 0.171614
0 0.909144 0.790296 0.0599434 0.0986244
1 0.802266 0.790392 0.220377 0.280304
1 0.320982 0.725762 0.187384 0.257695
0 0.669321 0.0595336 0.117146 0.118459
1 0.802526 0.118793 0.152965 0.237585
