1 0.684961 0.338607 0.216224 0.293878
1 0.157302 0.458115 0.219832 0.294676
1 0.758654 0.515522 0.217405 0.272785
1 0.844532 0.334345 0.177678 0.250111
1 0.584724 0.84982 0.223398 0.297799
1 0.760651 0.889421 0.191794 0.218551
1 0.138252 0.706861 0.160501 0.273597
0 0.346665 0.721426 0.15061 0.191977
1 0.841162 0.147489 0.177312 0.210873
1 0.0535581 0.691942 0.107116 0.346847
0 0.232126 0.853598 0.105742 0.129423
1 0.565294 0.498657 0.191648 0.258979
1 0.406219 0.413974 0.210238 0.2508
0 0.052712 0.397896 0.0814424 0.10222
1 0.54007 0.183024 0.178747 0.271125
