1 0.919363 0.364531 0.161275 0.251025
1 0.640391 0.628144 0.212739 0.332211
1 0.404472 0.735001 0.230092 0.278353
1 0.765141 0.341393 0.198476 0.240667
0 0.383265 0.264751 0.130482 0.149904
1 0.168608 0.61596 0.183587 0.259493
2 0.500775 0.272999 0.40132 0.518921
0 0.434741 0.151542 0.158834 0.210879
1 0.225566 0.83756 0.192717 0.205302
0 0.442108 0.357915 0.126264 0.16739
1 0.303247 0.413497 0.209138 0.317819
1 0.794589 0.796971 0.201957 0.277666
1 0.250193 0.139801 0.221442 0.272407
1 0.771291 0.214279 0.18551 0.237442
