1 0.238702 0.280947 0.229151 0.269787
1 0.355902 0.169592 0.213957 0.299673
1 0.78879 0.626954 0.220162 0.2873
1 0.276803 0.707358 0.237199 0.305264
1 0.21259 0.0920384 0.190122 0.184077
1 0.845421 0.883261 0.207704 0.230383
0 0.515036 0.740281 0.162382 0.217732
1 0.110152 0.632379 0.202417 0.276215
1 0.576632 0.408336 0.208589 0.25677
1 0.41401 0.388551 0.184554 0.247261
0 0.588236 0.930746 0.107297 0.124445
1 0.729015 0.854627 0.152435 0.278661
1 0.628403 0.326633 0.209006 0.258645
1 0.535377 0.132136 0.190176 0.262805
0 0.894876 0.641202 0.0732674 0.102039
