1 0.48374 0.654184 0.209467 0.28619
1 0.808863 0.458511 0.187865 0.247205
1 0.235065 0.762534 0.229293 0.293584
1 0.893029 0.295629 0.199724 0.255362
1 0.338718 0.589235 0.186453 0.240423
1 0.651832 0.496038 0.212113 0.309773
1 0.785791 0.679389 0.199085 0.269367
1 0.781554 0.885714 0.164671 0.225168
1 0.572399 0.831641 0.220572 0.282366
1 0.174191 0.450847 0.211096 0.270489
1 0.393855 0.26969 0.234599 0.297349
2 0.670283 0.228482 0.350437 0.346853
1 0.126605 0.153433 0.201308 0.246504
0 0.219256 0.911969 0.0900908 0.107467
1 0.45221 0.895205 0.207057 0.20631
1 0.0293845 0.528206 0.0587689 0.314319
1 0.471751 0.322506 0.192334 0.226807
