1 0.443908 0.339154 0.225525 0.291707
1 0.699145 0.398696 0.200021 0.263143
1 0.292986 0.613043 0.196195 0.267353
1 0.114946 0.802417 0.214226 0.26668
1 0.144598 0.289878 0.197854 0.293756
1 0.516261 0.534424 0.211307 0.258032
1 0.779502 0.666871 0.179546 0.262218
1 0.876394 0.681652 0.211718 0.269253
1 0.149609 0.534961 0.172722 0.244742
0 0.250702 0.314967 0.0898744 0.117978
2 0.532079 0.781984 0.361162 0.436031
1 0.0385171 0.307792 0.0770342 0.272446
1 0.296468 0.857969 0.188244 0.264938
0 0.0508898 0.94379 0.0602543 0.0957619
1 0.934451 0.520033 0.131099 0.259114
