1 0.218334 0.437637 0.240392 0.302302
1 0.801827 0.568912 0.207763 0.253242
1 0.137242 0.671181 0.181689 0.311683
1 0.297454 0.638905 0.194768 0.273812
2 0.505826 0.416626 0.362704 0.479356
1 0.626803 0.832955 0.20773 0.206303
1 0.394553 0.809277 0.194119 0.233372
1 0.0348315 0.578081 0.0696629 0.288791
1 0.0860604 0.144893 0.17044 0.194908
1 0.879782 0.429234 0.13585 0.247528
0 0.539791 0.468108 0.100376 0.151187
1 0.788688 0.245005 0.220503 0.250043
1 0.314301 0.203627 0.202708 0.232958
1 0.0263057 0.348515 0.0525678 0.294584
1 0.758036 0.0691893 0.18713 0.136854
