1 0.164365 0.475234 0.195855 0.290924
1 0.192622 0.702702 0.200376 0.245628
1 0.538282 0.22775 0.208373 0.292684
2 0.478313 0.529108 0.405501 0.535835
1 0.747489 0.710285 0.188332 0.24841
0 0.403128 0.431045 0.101511 0.124844
1 0.109032 0.178088 0.153954 0.249136
1 0.520801 0.855238 0.206592 0.264695
0 0.489501 0.404968 0.112052 0.163181
0 0.391633 0.537879 0.112401 0.143956
0 0.468867 0.676973 0.134907 0.146886
1 0.329034 0.112263 0.236417 0.224527
1 0.977028 0.398879 0.045903 0.327067
1 0.660634 0.854994 0.2169 0.266418
