1 0.308604 0.278998 0.178301 0.261455
1 0.505555 0.798656 0.205141 0.272676
1 0.339288 0.721872 0.18189 0.242913
1 0.482584 0.5693 0.198314 0.243198
1 0.785103 0.23477 0.197846 0.270348
2 0.834924 0.718045 0.330153 0.514853
1 0.272597 0.490517 0.187719 0.246231
1 0.162606 0.197455 0.176127 0.24535
1 0.504267 0.16067 0.195856 0.237214
1 0.434827 0.381903 0.160548 0.259062
1 0.645206 0.0905889 0.190105 0.181178
1 0.345188 0.0900196 0.186508 0.177477
1 0.134276 0.665806 0.227497 0.289503
1 0.973872 0.627235 0.0522486 0.311798
1 0.962185 0.839961 0.07563 0.320079
1 0.955392 0.379831 0.0890527 0.305113
