1 0.143896 0.773485 0.215398 0.261158
1 0.24324 0.353868 0.200426 0.268173
1 0.889362 0.665091 0.216234 0.281546
1 0.128103 0.242259 0.197723 0.260339
1 0.628171 0.67302 0.202879 0.254022
0 0.664087 0.32253 0.138345 0.195807
1 0.143406 0.568762 0.188318 0.225129
1 0.888308 0.268122 0.209948 0.227552
1 0.865749 0.452354 0.205759 0.243026
1 0.377582 0.634892 0.233078 0.301162
2 0.570407 0.395427 0.391225 0.494755
0 0.48769 0.354011 0.13333 0.196536
0 0.542666 0.480862 0.14513 0.164467
1 0.961751 0.499082 0.0762491 0.305494
1 0.337847 0.533772 0.187912 0.271037
1 0.796126 0.187186 0.195266 0.256092
1 0.922697 0.0925707 0.153436 0.184163
