1 0.903593 0.186709 0.192814 0.306933
1 0.671055 0.735531 0.197988 0.285758
1 0.31546 0.349645 0.182745 0.244914
2 0.623863 0.197339 0.352652 0.392679
1 0.0896905 0.245311 0.171814 0.235094
1 0.869703 0.519966 0.177862 0.250864
0 0.693092 0.223677 0.142416 0.166856
1 0.341953 0.170595 0.193254 0.244414
0 0.6938 0.0925794 0.0983871 0.141165
1 0.731745 0.556058 0.162812 0.243548
1 0.844157 0.771557 0.190276 0.208369
1 0.796222 0.364325 0.160314 0.216276
1 0.978577 0.622813 0.0428119 0.309735
1 0.190145 0.633335 0.17699 0.227051
