1 0.0865562 0.669231 0.172471 0.256831
1 0.308246 0.431113 0.175989 0.241084
1 0.127949 0.134924 0.238562 0.269848
2 0.815448 0.571266 0.338966 0.413546
0 0.868218 0.652857 0.12193 0.148065
1 0.869055 0.824589 0.198138 0.223401
1 0.948006 0.414687 0.103988 0.318316
1 0.680961 0.885486 0.204115 0.215092
0 0.860522 0.508707 0.146655 0.180453
1 0.486262 0.680138 0.245286 0.355464
0 0.287519 0.758639 0.0899632 0.0886332
1 0.743337 0.12489 0.260685 0.24978
1 0.396046 0.79496 0.159112 0.229165
1 0.257849 0.622321 0.195811 0.240093
