1 0.760733 0.602864 0.199668 0.258539
1 0.78438 0.237694 0.245944 0.283045
1 0.636258 0.661413 0.200629 0.281675
1 0.584984 0.30407 0.193739 0.28168
1 0.211882 0.450229 0.210535 0.252875
2 0.442773 0.619464 0.362258 0.470519
1 0.244885 0.870173 0.193111 0.258464
1 0.908797 0.692774 0.182407 0.251339
1 0.943937 0.346676 0.112125 0.247327
1 0.944968 0.164748 0.109665 0.283598
1 0.365363 0.168623 0.208274 0.24395
1 0.914537 0.88691 0.169967 0.199799
0 0.508224 0.15359 0.0904715 0.122554
1 0.53904 0.890955 0.212097 0.213519
1 0.968066 0.710334 0.0637457 0.271847
1 0.958418 0.518346 0.0830983 0.263301
1 0.837788 0.792521 0.185633 0.248278
0 0.471857 0.524511 0.14685 0.211801
0 0.131309 0.755341 0.0668714 0.113048
0 0.351951 0.558883 0.10282 0.152189
