1 0.492844 0.716205 0.204785 0.26824
1 0.171405 0.598424 0.193753 0.253685
1 0.302089 0.47864 0.191102 0.265857
1 0.248547 0.101491 0.213162 0.202983
1 0.658269 0.791504 0.192291 0.249028
1 0.914743 0.530227 0.170515 0.227483
1 0.835261 0.619432 0.191275 0.24724
0 0.715836 0.487275 0.150905 0.184661
1 0.47819 0.197743 0.21704 0.294512
2 0.634257 0.422168 0.37234 0.471754
1 0.228684 0.281307 0.196195 0.238739
1 0.91747 0.353215 0.164285 0.236122
0 0.619392 0.341062 0.141745 0.182653
1 0.33879 0.696167 0.195957 0.232685
1 0.942133 0.144635 0.115395 0.279174
1 0.930351 0.762642 0.139297 0.310418
1 0.418213 0.29817 0.177835 0.255526
