1 0.545596 0.837558 0.209452 0.255822
1 0.322623 0.741516 0.184082 0.234004
2 0.628656 0.514763 0.3861 0.498299
1 0.182481 0.451799 0.21693 0.330989
1 0.782272 0.267844 0.185996 0.25011
1 0.182161 0.694572 0.21657 0.257529
0 0.633943 0.653658 0.140081 0.157454
0 0.301418 0.446604 0.0779223 0.102312
0 0.539763 0.519161 0.107186 0.133377
1 0.311071 0.133649 0.199729 0.2407
1 0.909189 0.7553 0.181623 0.293577
0 0.617841 0.457691 0.0983445 0.134272
1 0.913991 0.908947 0.172018 0.179903
1 0.780814 0.896422 0.185254 0.199226
1 0.976943 0.731858 0.0461146 0.316422
