1 0.250913 0.437367 0.219418 0.302356
1 0.0930139 0.437271 0.173872 0.254286
1 0.166802 0.618391 0.221522 0.272702
1 0.77603 0.521915 0.221846 0.294649
1 0.777499 0.772218 0.158095 0.263023
1 0.520029 0.48893 0.206296 0.258762
1 0.906582 0.752082 0.186353 0.338479
0 0.672237 0.926961 0.117703 0.126728
1 0.331451 0.89335 0.214332 0.208341
0 0.549849 0.808657 0.166298 0.211831
1 0.102957 0.248716 0.184131 0.217372
0 0.964168 0.0877291 0.0714659 0.111623
1 0.47795 0.16641 0.212863 0.272004
1 0.362645 0.590579 0.19947 0.274555
1 0.400595 0.268977 0.182944 0.284075
1 0.971428 0.615658 0.0571219 0.305866
0 0.876311 0.453791 0.0747735 0.100316
