1 0.820978 0.354862 0.181025 0.255171
1 0.362023 0.611555 0.199986 0.245792
1 0.214383 0.765864 0.212652 0.277322
1 0.718423 0.56451 0.192115 0.260308
1 0.848509 0.706194 0.205091 0.245573
1 0.701259 0.83426 0.22452 0.300634
1 0.164628 0.409345 0.185679 0.28214
1 0.378661 0.242333 0.215049 0.289751
1 0.536924 0.895011 0.173129 0.207053
2 0.623951 0.279937 0.420604 0.484823
0 0.509342 0.251177 0.124087 0.194839
1 0.28937 0.858473 0.209422 0.264728
0 0.617104 0.207608 0.107815 0.152038
1 0.931284 0.895909 0.136678 0.203237
1 0.427391 0.427578 0.176741 0.223438
1 0.447231 0.771751 0.183236 0.240626
1 0.139913 0.591009 0.124118 0.254418
1 0.934575 0.262497 0.130849 0.257746
1 0.897246 0.495412 0.205508 0.277975
0 0.512733 0.230755 0.126364 0.138927
1 0.958195 0.787996 0.08361 0.240808
0 0.67182 0.314315 0.164303 0.198047
