1 0.196181 0.590047 0.18573 0.237152
2 0.473295 0.45358 0.390247 0.510848
1 0.763935 0.46509 0.194054 0.288077
1 0.421783 0.772944 0.199411 0.259131
1 0.0994579 0.785127 0.198916 0.28217
1 0.388769 0.14584 0.188924 0.267566
1 0.749961 0.685846 0.205643 0.240828
0 0.522081 0.371154 0.0956871 0.126769
1 0.24786 0.340288 0.190605 0.269168
0 0.528257 0.492804 0.137662 0.16173
1 0.191992 0.881861 0.187733 0.216784
1 0.81184 0.182553 0.15202 0.260368
1 0.269754 0.753657 0.201851 0.265521
0 0.467058 0.611741 0.131511 0.138012
1 0.811305 0.619305 0.201705 0.279971
