1 0.647544 0.440082 0.203822 0.278344
1 0.793975 0.269957 0.198986 0.248695
1 0.499644 0.259805 0.197875 0.306174
1 0.082763 0.338469 0.164143 0.285755
1 0.641104 0.126169 0.185748 0.249646
1 0.0865939 0.571902 0.172262 0.241285
1 0.21571 0.158181 0.20965 0.314929
1 0.642971 0.808381 0.188468 0.218704
2 0.459793 0.684771 0.33889 0.479819
1 0.832721 0.795418 0.198911 0.217538
1 0.849124 0.579076 0.150267 0.262801
1 0.812274 0.0877076 0.185979 0.174814
0 0.331003 0.17643 0.0812421 0.102342
0 0.402188 0.583758 0.12126 0.170417
1 0.0395506 0.851432 0.0790187 0.237266
0 0.337176 0.487148 0.0779494 0.113008
1 0.654101 0.587382 0.194315 0.255596
1 0.03041 0.146946 0.06082 0.293892
