1 0.52516 0.327484 0.1877 0.258547
1 0.79983 0.550003 0.196246 0.255118
1 0.261149 0.315017 0.175459 0.264508
1 0.315605 0.894954 0.260938 0.206634
1 0.613192 0.529654 0.215025 0.292432
1 0.794849 0.182466 0.187277 0.234705
1 0.718243 0.365167 0.185297 0.237101
2 0.355665 0.618157 0.342256 0.503617
1 0.688225 0.879588 0.235172 0.240823
1 0.635894 0.190744 0.198838 0.239296
1 0.86028 0.352691 0.170044 0.231478
1 0.962094 0.464369 0.0755554 0.288608
1 0.939537 0.890704 0.120926 0.218592
1 0.642111 0.680454 0.213408 0.256205
1 0.974015 0.711643 0.0519704 0.29322
