1 0.802052 0.758239 0.1929 0.260203
1 0.690227 0.886829 0.184754 0.226263
1 0.642564 0.617703 0.255039 0.304921
1 0.456523 0.636575 0.191754 0.236536
1 0.904317 0.547139 0.190023 0.246227
1 0.171901 0.561366 0.19694 0.284455
1 0.0837195 0.731988 0.167439 0.276887
1 0.421582 0.875694 0.211625 0.241433
2 0.415269 0.252153 0.371834 0.473571
1 0.351354 0.640807 0.206091 0.259544
1 0.185226 0.180204 0.185061 0.245424
1 0.774563 0.173996 0.20657 0.265288
1 0.606412 0.135218 0.182379 0.253395
1 0.88402 0.910263 0.184427 0.176905
1 0.494135 0.487642 0.202403 0.266168
1 0.952752 0.2335 0.0944966 0.237273
1 0.820842 0.552673 0.178133 0.241508
