1 0.618181 0.624274 0.193722 0.239773
1 0.809815 0.53719 0.21457 0.28519
1 0.815563 0.271992 0.196096 0.283321
1 0.447501 0.584109 0.181253 0.303684
1 0.634968 0.412179 0.191871 0.237756
1 0.88081 0.762676 0.183387 0.226829
1 0.665217 0.115323 0.229731 0.230646
1 0.150381 0.320114 0.195171 0.230125
1 0.293891 0.413517 0.21577 0.2843
0 0.580023 0.793759 0.169005 0.218734
1 0.0462839 0.597864 0.0925677 0.27963
1 0.490478 0.307816 0.212902 0.270651
1 0.0657459 0.822244 0.131172 0.249175
1 0.35188 0.140841 0.181872 0.248274
