1 0.931646 0.203277 0.136709 0.276107
1 0.897446 0.907318 0.192487 0.182034
1 0.711149 0.482621 0.201304 0.279832
0 0.906785 0.628438 0.0779727 0.0921687
2 0.284782 0.132829 0.312605 0.265657
1 0.95865 0.80314 0.0824452 0.314957
1 0.384016 0.836545 0.217345 0.265068
1 0.798488 0.561058 0.218128 0.274292
0 0.344673 0.0732531 0.12862 0.13928
1 0.69537 0.759698 0.184956 0.26395
1 0.469171 0.289424 0.21847 0.273052
1 0.683345 0.895552 0.175967 0.205482
1 0.24175 0.306776 0.248385 0.266388
1 0.127353 0.772415 0.130748 0.270441
1 0.258282 0.639939 0.219962 0.276626
1 0.792849 0.164191 0.191114 0.272947
0 0.352643 0.0738577 0.10486 0.116022
