1 0.687012 0.615376 0.193647 0.258791
1 0.828528 0.509549 0.180543 0.245087
1 0.555226 0.865464 0.200667 0.260203
1 0.792428 0.815787 0.214755 0.234119
1 0.434625 0.660951 0.201744 0.264966
1 0.460747 0.445992 0.183334 0.248028
1 0.192303 0.37029 0.198381 0.263515
1 0.851138 0.211777 0.18666 0.223501
1 0.381236 0.914816 0.184483 0.166294
1 0.300703 0.515708 0.17769 0.26743
1 0.941525 0.348115 0.116951 0.213981
0 0.594907 0.195697 0.14774 0.220664
1 0.953217 0.592615 0.0935657 0.348991
1 0.974268 0.19738 0.0514185 0.25874
0 0.602315 0.173693 0.127864 0.180112
