1 0.23687 0.69124 0.209766 0.282792
1 0.81338 0.273183 0.217598 0.267211
1 0.1715 0.168255 0.216273 0.257084
1 0.513463 0.854204 0.221992 0.286189
1 0.782381 0.917944 0.20033 0.159844
1 0.843621 0.495268 0.177718 0.242763
1 0.369058 0.316214 0.192904 0.274596
0 0.0537623 0.450746 0.107525 0.152411
1 0.400977 0.601547 0.2144 0.240382
1 0.198962 0.899937 0.193863 0.197402
0 0.727459 0.718744 0.14119 0.165375
0 0.481709 0.202104 0.0874974 0.122625
1 0.82503 0.794167 0.158094 0.232236
0 0.585333 0.682414 0.119583 0.140666
1 0.324533 0.378255 0.202161 0.288443
1 0.034708 0.128998 0.069416 0.254214
