1 0.832366 0.592606 0.202032 0.28946
1 0.439538 0.723612 0.21214 0.265236
1 0.391765 0.349738 0.207925 0.251575
1 0.102529 0.469351 0.205058 0.32057
1 0.739476 0.753394 0.204549 0.262239
1 0.111911 0.735817 0.202613 0.285154
1 0.591565 0.751741 0.195939 0.290428
2 0.646705 0.419896 0.387151 0.525017
1 0.261837 0.171727 0.183153 0.232152
1 0.0650366 0.21159 0.129967 0.26093
1 0.317895 0.897221 0.192871 0.202172
1 0.94555 0.729953 0.108877 0.249711
1 0.372972 0.533865 0.182408 0.248117
1 0.536753 0.907374 0.194247 0.182686
