1 0.453232 0.339012 0.196637 0.284508
1 0.613263 0.641388 0.200042 0.260128
1 0.650597 0.276735 0.248902 0.289865
1 0.850862 0.386452 0.199372 0.233537
1 0.485774 0.698576 0.201643 0.282117
1 0.860669 0.192207 0.201006 0.267427
1 0.86532 0.742091 0.167506 0.237161
1 0.0914546 0.884969 0.181135 0.230062
1 0.0905533 0.482877 0.179427 0.256344
2 0.295059 0.654032 0.364249 0.476018
1 0.238572 0.199341 0.206243 0.243574
1 0.760895 0.728886 0.19127 0.251616
1 0.763937 0.913638 0.181167 0.169679
0 0.380077 0.186049 0.0880281 0.120989
0 0.330696 0.568737 0.150747 0.222516
1 0.684637 0.833911 0.191216 0.241398
1 0.86488 0.545042 0.180183 0.262084
