1 0.714425 0.602467 0.214868 0.267884
1 0.232479 0.268207 0.192902 0.24656
1 0.843904 0.429923 0.178823 0.286955
1 0.559682 0.362586 0.215257 0.273503
1 0.109364 0.68124 0.180803 0.22924
1 0.529141 0.627265 0.199053 0.2558
1 0.576991 0.124555 0.23127 0.249109
2 0.0959747 0.389488 0.191949 0.501048
1 0.588844 0.831538 0.187505 0.247843
1 0.841445 0.751687 0.186559 0.26836
1 0.0988156 0.128419 0.162481 0.191821
1 0.746693 0.235691 0.169415 0.226916
1 0.219955 0.824385 0.178296 0.220025
1 0.229862 0.616709 0.187531 0.239086
