1 0.701661 0.663408 0.183846 0.253179
1 0.166461 0.327876 0.213314 0.259973
1 0.849317 0.761296 0.200833 0.272534
1 0.533617 0.720639 0.188147 0.264565
1 0.306633 0.890147 0.210684 0.217651
1 0.277186 0.680713 0.204167 0.280398
1 0.772667 0.865473 0.194563 0.254286
1 0.843449 0.387953 0.198066 0.229324
1 0.388432 0.479049 0.197253 0.251046
1 0.905009 0.546731 0.184482 0.228406
1 0.209242 0.499828 0.206109 0.255776
1 0.113081 0.909867 0.197368 0.174469
1 0.550487 0.914088 0.219579 0.1697
2 0.574142 0.253648 0.371061 0.483773
1 0.960797 0.437167 0.0783646 0.282397
0 0.610087 0.299064 0.141527 0.188874
