1 0.134709 0.18029 0.225249 0.286427
1 0.204189 0.490831 0.194202 0.270764
1 0.905793 0.484576 0.188415 0.314133
1 0.814645 0.671136 0.187113 0.246481
1 0.582966 0.562787 0.212138 0.272766
1 0.28237 0.31121 0.212134 0.274864
1 0.37032 0.413876 0.194669 0.243741
1 0.0495406 0.667904 0.0984868 0.264162
1 0.776366 0.360751 0.159963 0.22595
1 0.274729 0.0977519 0.185789 0.19482
1 0.484288 0.260888 0.182679 0.256794
1 0.755322 0.912019 0.200383 0.173642
1 0.179161 0.713591 0.200435 0.241852
1 0.584171 0.889957 0.205021 0.216104
1 0.934272 0.754063 0.131457 0.269085
1 0.515633 0.71908 0.207086 0.267709
