1 0.709438 0.711394 0.208458 0.293335
1 0.850888 0.236337 0.20678 0.274924
1 0.872147 0.86144 0.203731 0.27712
1 0.458356 0.166858 0.254388 0.305107
1 0.517094 0.880546 0.198207 0.238909
1 0.126162 0.661585 0.202998 0.275766
1 0.622086 0.354089 0.222624 0.283896
1 0.94122 0.384988 0.11756 0.299798
2 0.448645 0.616067 0.426112 0.561412
1 0.682012 0.189184 0.190302 0.261942
1 0.946968 0.613618 0.105369 0.289721
1 0.156506 0.474286 0.22722 0.295575
1 0.3473 0.891188 0.19086 0.213705
1 0.370641 0.35811 0.216459 0.242965
0 0.329598 0.615365 0.135531 0.181885
