1 0.851176 0.540345 0.212777 0.267033
1 0.238394 0.131478 0.222272 0.262957
1 0.406298 0.473602 0.198634 0.276452
1 0.92029 0.363944 0.158853 0.259882
1 0.0883647 0.624914 0.167642 0.231183
1 0.727805 0.208571 0.222803 0.254344
1 0.13654 0.165861 0.184913 0.244344
1 0.604209 0.532748 0.205976 0.303106
1 0.353825 0.318698 0.24263 0.284133
1 0.650346 0.555848 0.223025 0.266775
0 0.471856 0.860306 0.126233 0.183931
1 0.413913 0.676174 0.167315 0.227328
1 0.0260751 0.719821 0.0520441 0.271509
0 0.584731 0.759481 0.144706 0.160459
