1 0.518544 0.344969 0.210336 0.272273
1 0.40332 0.600464 0.198721 0.248865
2 0.336817 0.16197 0.280582 0.320279
1 0.909312 0.423171 0.181376 0.287768
1 0.342889 0.441758 0.215502 0.311883
1 0.190665 0.456294 0.187902 0.264778
1 0.557947 0.719047 0.214197 0.251994
1 0.621417 0.546848 0.192834 0.250198
0 0.644659 0.148847 0.0879376 0.101994
1 0.880153 0.25518 0.232458 0.239775
1 0.732917 0.711072 0.186041 0.272033
1 0.252065 0.676391 0.215054 0.293651
1 0.880314 0.100214 0.239371 0.199742
1 0.949612 0.758498 0.100777 0.293789
1 0.740945 0.469752 0.241398 0.323562
