1 0.432851 0.169056 0.240421 0.324907
1 0.536885 0.599917 0.213396 0.265017
1 0.843082 0.729718 0.197416 0.256472
1 0.776381 0.274712 0.203228 0.266916
1 0.140362 0.558871 0.190017 0.251342
1 0.350869 0.441137 0.210177 0.305461
1 0.683005 0.344357 0.201371 0.268108
1 0.642406 0.553622 0.210224 0.267984
1 0.680645 0.783178 0.196418 0.277432
1 0.182261 0.336935 0.20377 0.25351
1 0.947145 0.507096 0.105709 0.319428
1 0.721021 0.103309 0.177509 0.204043
2 0.307347 0.741455 0.358901 0.475607
0 0.338337 0.831082 0.16619 0.177652
