1 0.104627 0.288536 0.208568 0.294005
1 0.832654 0.459602 0.174805 0.252814
1 0.714924 0.636217 0.22072 0.270938
1 0.210091 0.621323 0.219493 0.27049
1 0.835436 0.0956263 0.187295 0.18879
1 0.463362 0.809297 0.22853 0.275179
0 0.453042 0.310404 0.161001 0.200875
1 0.65467 0.243932 0.191147 0.287344
1 0.866675 0.233157 0.174369 0.247502
1 0.0825317 0.486412 0.163184 0.311424
2 0.463912 0.443232 0.395701 0.537251
1 0.0598698 0.729449 0.119465 0.229787
1 0.32943 0.227625 0.179859 0.238898
1 0.637013 0.852814 0.195559 0.248863
0 0.484049 0.44871 0.118395 0.150413
1 0.211597 0.114748 0.204488 0.229497
