1 0.829821 0.772373 0.210871 0.270774
1 0.653647 0.598963 0.197177 0.266923
1 0.508467 0.337153 0.224905 0.288117
1 0.434916 0.542755 0.212915 0.255769
1 0.808893 0.2642 0.198153 0.291026
1 0.2545 0.417932 0.194074 0.251616
1 0.936908 0.270414 0.126185 0.265879
1 0.169237 0.697541 0.181416 0.252596
2 0.418716 0.784274 0.378461 0.431452
1 0.800033 0.506824 0.170615 0.236727
0 0.700491 0.2989 0.0894449 0.11519
1 0.644232 0.834891 0.190586 0.254351
1 0.0414786 0.557064 0.0828322 0.270303
1 0.0871443 0.718652 0.174289 0.256021
1 0.516622 0.167481 0.205 0.248144
