1 0.126499 0.605057 0.225415 0.272108
1 0.725698 0.544464 0.21836 0.289056
1 0.21534 0.765752 0.206542 0.288673
1 0.0750018 0.80276 0.149441 0.252766
1 0.848157 0.279752 0.202877 0.335295
1 0.480576 0.63246 0.201402 0.250876
1 0.714746 0.28685 0.15973 0.27723
1 0.0904908 0.211371 0.179017 0.270189
1 0.260323 0.231299 0.227763 0.302305
0 0.604594 0.16031 0.111719 0.115809
0 0.490971 0.300177 0.170444 0.242755
0 0.93516 0.925435 0.0757148 0.107132
0 0.830784 0.579476 0.077278 0.0996
0 0.415635 0.142377 0.130475 0.0980388
