1 0.830412 0.775511 0.200599 0.265667
1 0.89479 0.573455 0.208503 0.281197
1 0.523231 0.400612 0.202894 0.268701
1 0.673493 0.772587 0.198144 0.260554
2 0.457617 0.710092 0.368835 0.535175
1 0.127736 0.322753 0.187607 0.233821
1 0.223331 0.782119 0.246599 0.300951
1 0.692958 0.431472 0.209398 0.314406
1 0.957283 0.371724 0.0853165 0.262835
1 0.565354 0.192392 0.192284 0.260861
1 0.125063 0.478636 0.199693 0.270432
1 0.0608882 0.66388 0.121275 0.262211
1 0.143559 0.189869 0.195117 0.272814
1 0.421373 0.328116 0.233712 0.323356
1 0.86133 0.267111 0.220877 0.279594
1 0.820968 0.291432 0.179817 0.265194
