1 0.920528 0.496928 0.158943 0.283976
1 0.229687 0.289954 0.210927 0.262928
1 0.340134 0.489229 0.221044 0.286755
1 0.520413 0.336039 0.208103 0.309238
1 0.891662 0.728782 0.19235 0.246643
1 0.287977 0.854765 0.195033 0.232163
1 0.119441 0.581803 0.17737 0.26557
1 0.398582 0.178347 0.192525 0.253965
1 0.103974 0.80591 0.207948 0.240667
2 0.492265 0.756454 0.351705 0.487093
1 0.238684 0.097999 0.197462 0.195998
1 0.81349 0.289276 0.216844 0.341419
0 0.694822 0.288139 0.0804681 0.107846
0 0.639773 0.592796 0.0795973 0.111441
1 0.312153 0.62855 0.19785 0.2624
