1 0.507831 0.209794 0.212814 0.258177
1 0.12186 0.350219 0.214583 0.261926
0 0.56772 0.385805 0.144272 0.188385
2 0.555232 0.524043 0.381319 0.516638
1 0.461005 0.875406 0.274484 0.248697
1 0.105025 0.588731 0.210049 0.325632
1 0.27503 0.302911 0.186774 0.237715
0 0.216981 0.597184 0.0762456 0.096071
1 0.946611 0.806655 0.105912 0.287478
0 0.649418 0.485612 0.109891 0.137959
1 0.94672 0.324216 0.106331 0.303688
1 0.858343 0.288613 0.185671 0.291311
1 0.901849 0.105071 0.193097 0.210141
1 0.192364 0.881711 0.205024 0.233054
1 0.744038 0.908387 0.215891 0.180426
1 0.331525 0.707444 0.19776 0.254175
0 0.530012 0.588123 0.104819 0.14249
0 0.462801 0.52322 0.112856 0.13677
1 0.671715 0.332432 0.215646 0.246239
