1 0.699112 0.341682 0.218614 0.277066
1 0.227692 0.584252 0.184079 0.266457
1 0.514146 0.382423 0.200024 0.255199
1 0.339116 0.384761 0.184164 0.245419
1 0.200846 0.278208 0.204117 0.263462
1 0.697483 0.579571 0.204536 0.265845
1 0.0885398 0.531826 0.17708 0.272272
2 0.42201 0.756034 0.405605 0.487933
0 0.826379 0.528377 0.133109 0.174766
1 0.405646 0.197666 0.192722 0.244149
1 0.753482 0.80629 0.19734 0.260962
1 0.0731371 0.863025 0.145543 0.27395
0 0.519782 0.717164 0.138892 0.176497
1 0.195774 0.911371 0.19428 0.174546
0 0.857762 0.874457 0.0751511 0.0977419
1 0.831543 0.121036 0.163578 0.242072
