1 0.833862 0.493978 0.239098 0.327634
1 0.283279 0.660489 0.199475 0.268798
1 0.683785 0.675842 0.218932 0.278135
1 0.133407 0.623438 0.173406 0.238752
1 0.380361 0.874541 0.217587 0.247798
1 0.0888917 0.397284 0.177783 0.257365
1 0.733191 0.298695 0.218365 0.265518
1 0.67898 0.114385 0.214557 0.22877
1 0.470954 0.687848 0.212343 0.257634
1 0.0827305 0.160116 0.165329 0.263034
1 0.910193 0.649854 0.179614 0.27073
2 0.38127 0.21778 0.353256 0.435561
0 0.312427 0.168576 0.113306 0.147413
0 0.396202 0.0978552 0.0992586 0.130135
1 0.945237 0.421498 0.109459 0.288638
