1 0.108312 0.429564 0.21229 0.261987
1 0.755568 0.813934 0.221341 0.29389
0 0.449321 0.0978851 0.13478 0.180921
1 0.361149 0.417144 0.205236 0.297088
1 0.556242 0.475393 0.197754 0.270365
1 0.263649 0.75625 0.219979 0.253684
1 0.0671708 0.608097 0.134342 0.274205
1 0.288099 0.393694 0.178461 0.260223
2 0.361748 0.149146 0.387002 0.298292
1 0.864347 0.304974 0.177815 0.246581
1 0.533639 0.264229 0.164005 0.238819
1 0.474631 0.751529 0.199123 0.25472
1 0.845962 0.762364 0.180535 0.243313
1 0.0334322 0.342616 0.0668645 0.313863
1 0.376597 0.70497 0.208235 0.270226
