1 0.439958 0.701334 0.20506 0.270556
1 0.531824 0.489028 0.186923 0.25476
1 0.213364 0.46457 0.190984 0.240092
1 0.271349 0.297016 0.163122 0.219448
1 0.678955 0.405407 0.199654 0.256129
1 0.402908 0.370963 0.150573 0.316989
1 0.134014 0.685187 0.203823 0.282646
1 0.7478 0.192408 0.232846 0.298119
0 0.616651 0.819749 0.114368 0.141034
1 0.373499 0.117498 0.200513 0.230362
1 0.224528 0.686267 0.208931 0.278791
1 0.1553 0.14112 0.170529 0.242546
1 0.872515 0.392147 0.197355 0.26731
1 0.942293 0.239214 0.115368 0.303085
1 0.961139 0.592829 0.0775106 0.258812
1 0.887815 0.71771 0.19144 0.30616
0 0.743773 0.674157 0.136207 0.137421
2 0.675705 0.747733 0.366848 0.473611
0 0.593358 0.70289 0.108082 0.14517
