1 0.776055 0.216657 0.212485 0.280599
1 0.348659 0.398264 0.175055 0.24353
1 0.493406 0.853439 0.222651 0.293122
1 0.339599 0.75543 0.196444 0.242209
1 0.816318 0.578692 0.199222 0.233663
1 0.658323 0.895685 0.176049 0.207362
1 0.930839 0.70481 0.138322 0.263716
1 0.46234 0.59313 0.186386 0.252881
2 0.546443 0.29802 0.387752 0.456933
0 0.637588 0.255681 0.124901 0.214591
0 0.535293 0.214434 0.11336 0.162892
1 0.955263 0.350661 0.0892487 0.295314
1 0.195078 0.332552 0.194973 0.246134
1 0.738718 0.75531 0.181267 0.231035
1 0.736666 0.407451 0.181146 0.230024
0 0.64294 0.245489 0.106904 0.170297
