1 0.616895 0.645431 0.20745 0.253422
1 0.203166 0.544283 0.201733 0.29028
1 0.901682 0.364885 0.196636 0.296465
1 0.924245 0.631981 0.150702 0.284253
1 0.476466 0.681427 0.194322 0.281568
1 0.776741 0.832555 0.178434 0.25039
1 0.322993 0.691068 0.210647 0.261082
0 0.320842 0.231583 0.144034 0.190552
2 0.356911 0.351874 0.377941 0.512929
1 0.597747 0.27686 0.209172 0.247529
1 0.91589 0.121488 0.168219 0.242976
1 0.567313 0.841611 0.192056 0.192278
1 0.687673 0.100031 0.173744 0.197393
1 0.649214 0.45541 0.175599 0.240206
1 0.119331 0.682561 0.108438 0.246926
1 0.856514 0.87659 0.187607 0.220056
