1 0.518015 0.445692 0.225557 0.301225
1 0.326282 0.66592 0.197745 0.266799
1 0.928979 0.657728 0.142043 0.283933
1 0.885806 0.125487 0.185135 0.247726
1 0.747958 0.599101 0.196964 0.266168
1 0.746856 0.208441 0.210115 0.286497
1 0.141097 0.294954 0.214439 0.263689
0 0.666513 0.300964 0.090762 0.114026
1 0.83208 0.434654 0.181311 0.237132
1 0.530235 0.679967 0.212954 0.262167
0 0.660515 0.876904 0.113692 0.155821
1 0.461225 0.284809 0.202604 0.254464
0 0.545658 0.884248 0.138195 0.180051
1 0.974702 0.875614 0.0504533 0.248597
1 0.309565 0.23634 0.188738 0.218789
1 0.825777 0.823881 0.19513 0.228444
