1 0.752571 0.65532 0.186477 0.280443
1 0.844172 0.428069 0.206595 0.278783
1 0.243184 0.271508 0.210829 0.276666
1 0.186181 0.745956 0.187693 0.266659
1 0.349285 0.398292 0.197546 0.266261
0 0.878316 0.675145 0.134505 0.179445
1 0.516023 0.271444 0.183273 0.24052
2 0.441939 0.693991 0.411662 0.550663
1 0.669216 0.36485 0.193169 0.262709
1 0.438521 0.110025 0.199611 0.220051
1 0.106033 0.568405 0.187982 0.276384
1 0.64522 0.134648 0.179164 0.266139
1 0.718867 0.882115 0.204323 0.231933
1 0.540357 0.927133 0.196078 0.141813
0 0.549435 0.691787 0.125458 0.175811
