1 0.330625 0.617317 0.210732 0.288893
1 0.670808 0.542224 0.197502 0.27858
1 0.54136 0.243123 0.179806 0.248621
1 0.699758 0.304454 0.193827 0.240181
1 0.270739 0.844302 0.213092 0.233521
2 0.873821 0.219002 0.252159 0.408174
1 0.524509 0.78777 0.215611 0.285529
1 0.183199 0.482889 0.178076 0.262269
1 0.796657 0.716587 0.18406 0.261154
1 0.434126 0.578779 0.189075 0.250579
1 0.687401 0.753021 0.213564 0.2617
1 0.296145 0.137108 0.188194 0.230094
1 0.915417 0.492845 0.169166 0.25903
1 0.954934 0.502989 0.0899225 0.319445
1 0.954915 0.714286 0.0900833 0.261497
1 0.864133 0.907008 0.179449 0.180809
0 0.856781 0.276755 0.0748413 0.117111
1 0.370296 0.346095 0.210798 0.304094
