1 0.337636 0.383948 0.245582 0.297967
1 0.76268 0.510825 0.243299 0.29095
1 0.733466 0.775473 0.212712 0.279987
1 0.381229 0.739196 0.177402 0.234455
1 0.180062 0.83722 0.189715 0.228957
1 0.36019 0.55263 0.203174 0.249595
1 0.242715 0.132788 0.202513 0.232927
1 0.58296 0.672291 0.19736 0.20843
1 0.516856 0.110204 0.226815 0.220409
1 0.469691 0.253478 0.176595 0.22986
2 0.882798 0.270549 0.234404 0.516931
0 0.965251 0.396892 0.0683883 0.1678
1 0.546891 0.510764 0.185901 0.222862
1 0.507309 0.832496 0.191997 0.238069
1 0.833173 0.0855675 0.204202 0.16933
1 0.147739 0.468941 0.20638 0.266134
1 0.971226 0.593082 0.0575479 0.31897
0 0.942417 0.141577 0.112825 0.176789
1 0.27201 0.846368 0.176661 0.20826
1 0.124849 0.157418 0.206839 0.263733
