1 0.330651 0.231759 0.21861 0.275081
1 0.279117 0.881222 0.249386 0.237556
2 0.733683 0.649695 0.345138 0.437248
1 0.924976 0.5735 0.150049 0.345461
1 0.762056 0.893642 0.189834 0.209107
1 0.922813 0.882281 0.154268 0.230211
1 0.398118 0.644045 0.234159 0.285567
1 0.0704561 0.860273 0.139758 0.237411
1 0.471382 0.920138 0.203894 0.156779
1 0.552177 0.422184 0.177414 0.233375
1 0.966285 0.298603 0.0672061 0.325474
0 0.436677 0.467073 0.0643353 0.0807485
0 0.681686 0.588319 0.119112 0.178734
1 0.610211 0.188232 0.201972 0.264794
