1 0.117038 0.395858 0.21923 0.29403
1 0.808778 0.542544 0.216131 0.264437
1 0.60028 0.772068 0.216509 0.271968
1 0.87852 0.340131 0.181833 0.247393
1 0.676677 0.188805 0.250049 0.290257
1 0.309542 0.67694 0.224087 0.274473
1 0.330215 0.271111 0.169806 0.23669
0 0.467903 0.313132 0.157284 0.195265
2 0.514006 0.431054 0.37233 0.540969
1 0.789345 0.772896 0.207295 0.259522
1 0.858761 0.120554 0.169376 0.241109
1 0.155828 0.860835 0.204498 0.273096
1 0.139584 0.620676 0.19398 0.252046
1 0.178598 0.162624 0.216485 0.283571
1 0.0361621 0.593478 0.0723243 0.255127
