1 0.279319 0.691592 0.216652 0.27889
1 0.320812 0.499383 0.260636 0.262556
1 0.45414 0.314109 0.196032 0.236965
1 0.936283 0.292602 0.127434 0.280692
1 0.145967 0.795669 0.201966 0.229943
1 0.81246 0.309401 0.215883 0.275617
1 0.49439 0.838389 0.1864 0.284616
0 0.661611 0.487072 0.148713 0.180629
1 0.478842 0.118707 0.201752 0.237413
1 0.952544 0.592313 0.0947009 0.307468
1 0.214329 0.157529 0.170637 0.223752
2 0.61131 0.566526 0.419231 0.514959
1 0.147317 0.460606 0.136416 0.23982
0 0.814194 0.901461 0.089081 0.108275
1 0.671604 0.301048 0.205233 0.246218
0 0.507591 0.465574 0.143758 0.15567
1 0.243578 0.276277 0.196073 0.249094
