1 0.408801 0.645212 0.212522 0.29334
1 0.738268 0.359792 0.195218 0.278006
1 0.521692 0.373583 0.197364 0.269644
1 0.82252 0.831069 0.189804 0.248525
1 0.893748 0.61999 0.183158 0.288256
1 0.344698 0.274094 0.221625 0.301739
1 0.156236 0.4898 0.196551 0.238918
1 0.0814874 0.622067 0.162975 0.284171
1 0.08115 0.273469 0.156119 0.245514
1 0.312597 0.409859 0.18455 0.240888
1 0.102419 0.83479 0.204366 0.223817
1 0.956983 0.219643 0.0859891 0.289428
1 0.472008 0.113842 0.179853 0.227684
1 0.802722 0.193358 0.189397 0.254697
