1 0.242543 0.745172 0.205847 0.288151
1 0.867747 0.335445 0.183476 0.265428
1 0.653606 0.597981 0.18495 0.242439
1 0.52474 0.396046 0.211537 0.280051
1 0.453759 0.684234 0.19667 0.270616
1 0.63972 0.75345 0.231123 0.308076
1 0.805638 0.882792 0.28098 0.229742
1 0.0746598 0.524501 0.14932 0.296693
1 0.361653 0.282965 0.173669 0.242554
1 0.5418 0.906758 0.182335 0.182748
1 0.0924896 0.300214 0.181768 0.254831
1 0.798303 0.488561 0.191943 0.233193
1 0.26736 0.29851 0.195878 0.247153
1 0.815953 0.13404 0.22901 0.22381
0 0.485117 0.127964 0.122298 0.15249
0 0.588656 0.117482 0.0854988 0.124973
1 0.199262 0.896785 0.187004 0.201982
0 0.539938 0.215111 0.110643 0.136389
