1 0.927691 0.210539 0.144618 0.278431
1 0.816949 0.661409 0.248327 0.380747
1 0.55462 0.77157 0.227999 0.306777
1 0.369687 0.546986 0.174306 0.24833
1 0.735761 0.389784 0.213547 0.235328
1 0.215233 0.460949 0.17107 0.235825
0 0.970523 0.923145 0.0583411 0.126709
1 0.123534 0.863597 0.180651 0.264802
1 0.554556 0.357103 0.230666 0.274377
1 0.871135 0.879258 0.228528 0.241484
0 0.809192 0.135146 0.125815 0.185139
1 0.478417 0.906499 0.232796 0.182424
2 0.71156 0.186696 0.376092 0.34838
1 0.103616 0.443672 0.20137 0.304777
1 0.968744 0.735017 0.0625049 0.358683
0 0.979928 0.424661 0.03958 0.172432
1 0.401203 0.723798 0.183409 0.257518
0 0.982845 0.430495 0.0343106 0.135922
