1 0.280081 0.340368 0.199182 0.263004
1 0.201838 0.166698 0.200357 0.250593
0 0.667792 0.535875 0.141153 0.202546
1 0.106312 0.679587 0.20808 0.264391
1 0.715594 0.235338 0.195635 0.261847
1 0.142187 0.486747 0.181359 0.238452
1 0.94193 0.420994 0.116141 0.332526
1 0.828302 0.771653 0.211191 0.215423
1 0.822586 0.471269 0.206169 0.238901
1 0.880267 0.607264 0.205601 0.23065
0 0.497651 0.482979 0.149302 0.202213
1 0.563012 0.852539 0.19964 0.241373
2 0.573527 0.548455 0.391189 0.526525
1 0.34662 0.688121 0.21507 0.294619
1 0.327065 0.554046 0.186871 0.241536
1 0.530754 0.222152 0.221521 0.265006
0 0.666894 0.527251 0.115448 0.169758
0 0.526025 0.619938 0.141362 0.171431
1 0.385914 0.177521 0.20805 0.234948
