1 0.470427 0.668736 0.210989 0.284918
1 0.561503 0.380016 0.198055 0.266785
1 0.204537 0.564998 0.199691 0.242038
1 0.778872 0.31683 0.192777 0.278841
1 0.898091 0.773825 0.193708 0.263851
1 0.92919 0.549532 0.141621 0.295312
1 0.124091 0.718431 0.187135 0.264491
1 0.379225 0.307088 0.222849 0.287085
1 0.162587 0.903135 0.234497 0.190015
1 0.722061 0.769336 0.197201 0.251609
1 0.117994 0.370082 0.154187 0.247951
1 0.627301 0.779821 0.178599 0.247004
1 0.355313 0.455057 0.182662 0.246431
1 0.493107 0.120047 0.182215 0.234776
1 0.95571 0.330015 0.0884328 0.281221
1 0.97772 0.841489 0.0444937 0.280403
1 0.97574 0.144335 0.0484594 0.28867
