1 0.501157 0.376995 0.233533 0.298014
1 0.319565 0.34928 0.182927 0.266083
1 0.145518 0.625698 0.183644 0.281123
2 0.357016 0.640052 0.35065 0.464675
1 0.672383 0.459666 0.200784 0.267569
1 0.0694472 0.40886 0.137039 0.242795
0 0.282102 0.666655 0.103036 0.125937
1 0.594135 0.875616 0.195506 0.23928
1 0.147108 0.118908 0.209314 0.237816
1 0.600321 0.653712 0.187219 0.254327
0 0.328651 0.553517 0.118892 0.164087
1 0.772555 0.192334 0.19592 0.217401
1 0.66525 0.663388 0.261177 0.268556
1 0.942 0.423716 0.115563 0.281606
