1 0.764525 0.788266 0.200784 0.26091
1 0.908951 0.820963 0.182098 0.259784
1 0.637665 0.528744 0.215578 0.31436
1 0.805213 0.473798 0.209547 0.283361
1 0.442781 0.894681 0.204722 0.209817
1 0.286146 0.874409 0.172596 0.243628
1 0.57037 0.700605 0.218212 0.265813
1 0.117306 0.326764 0.180089 0.243836
2 0.424434 0.337497 0.364442 0.495023
0 0.675006 0.316097 0.0866461 0.117769
1 0.217271 0.181587 0.195335 0.250852
0 0.182036 0.420619 0.0725062 0.0833676
1 0.178393 0.722468 0.214345 0.266146
1 0.0307731 0.218227 0.0615461 0.278896
