1 0.64229 0.61958 0.211853 0.276907
1 0.087712 0.599065 0.174237 0.245345
1 0.849856 0.163817 0.213564 0.249003
1 0.343611 0.639192 0.226017 0.302991
1 0.611535 0.849304 0.19103 0.221604
1 0.152176 0.120772 0.198234 0.237584
0 0.879962 0.487132 0.117896 0.152613
1 0.522495 0.45129 0.209655 0.227025
1 0.0773735 0.403234 0.154003 0.231258
1 0.629479 0.193912 0.186812 0.263287
2 0.258021 0.310697 0.348752 0.491728
0 0.182809 0.384541 0.127895 0.152249
1 0.922341 0.639135 0.144492 0.236424
0 0.325388 0.439167 0.128168 0.159118
1 0.974054 0.183202 0.0518598 0.325016
1 0.831952 0.644299 0.188368 0.260706
0 0.556969 0.0406564 0.0770149 0.0813128
