1 0.739063 0.560178 0.222971 0.288955
1 0.56254 0.557554 0.200058 0.280145
1 0.111017 0.591287 0.222035 0.311642
1 0.471271 0.714453 0.185552 0.249546
1 0.0535996 0.280107 0.107199 0.282453
1 0.338305 0.376551 0.16898 0.256078
1 0.0469863 0.761098 0.0939725 0.265759
1 0.10476 0.86294 0.208272 0.261258
2 0.441515 0.144193 0.325862 0.288033
1 0.827992 0.362561 0.181668 0.292176
0 0.390026 0.125183 0.103381 0.138962
1 0.0286896 0.496388 0.0573792 0.278525
1 0.274747 0.682912 0.19599 0.268683
1 0.71785 0.796157 0.170104 0.19215
