1 0.644292 0.71189 0.21973 0.290149
1 0.494103 0.468118 0.196629 0.278263
1 0.370521 0.648864 0.180005 0.26593
1 0.830686 0.537815 0.22033 0.290708
1 0.729525 0.497995 0.185697 0.252654
1 0.617116 0.167587 0.186386 0.247456
1 0.456599 0.23391 0.195046 0.240554
2 0.229974 0.176907 0.368194 0.350215
1 0.89673 0.758789 0.203793 0.235915
1 0.479527 0.678579 0.20644 0.26346
1 0.947201 0.396733 0.104794 0.281023
1 0.158393 0.450567 0.188087 0.273135
1 0.167936 0.651068 0.177868 0.246255
1 0.236987 0.425495 0.198932 0.253042
1 0.309969 0.857833 0.176128 0.210396
1 0.7873 0.264013 0.218569 0.306535
0 0.333726 0.0955313 0.115027 0.15933
1 0.178938 0.846483 0.159527 0.239866
1 0.974201 0.137278 0.0515187 0.274557
1 0.854879 0.0875202 0.193942 0.172154
