1 0.168682 0.658613 0.186796 0.25089
1 0.608331 0.766681 0.192031 0.266985
1 0.342831 0.780805 0.202276 0.266781
1 0.260388 0.235784 0.202642 0.263242
1 0.318234 0.511003 0.167971 0.259913
1 0.850417 0.541056 0.187769 0.259906
1 0.810603 0.245436 0.176697 0.251211
1 0.499712 0.604404 0.20552 0.276035
1 0.0700217 0.842488 0.139952 0.297548
1 0.173997 0.443957 0.179255 0.233008
1 0.0552482 0.58401 0.109984 0.272055
2 0.585628 0.297338 0.395132 0.507097
1 0.0541961 0.350697 0.108184 0.243895
1 0.686437 0.901224 0.203237 0.190047
1 0.117449 0.108723 0.189964 0.217446
1 0.448349 0.585008 0.182502 0.252346
