1 0.289856 0.247235 0.18073 0.254206
1 0.255148 0.676774 0.179462 0.238226
1 0.407304 0.780155 0.202035 0.267959
1 0.422727 0.554067 0.192097 0.234902
1 0.222445 0.442487 0.177036 0.25175
1 0.776068 0.28416 0.201087 0.265537
2 0.769697 0.753405 0.360334 0.479395
1 0.503741 0.168706 0.19389 0.24376
1 0.0668352 0.327127 0.133372 0.281728
1 0.66242 0.108616 0.202441 0.217232
1 0.146612 0.146697 0.188049 0.247695
1 0.395815 0.367919 0.174112 0.255653
1 0.939272 0.462905 0.119952 0.288581
1 0.0857973 0.591862 0.170741 0.321937
0 0.473833 0.402536 0.0740062 0.0964239
1 0.364181 0.0796012 0.17971 0.158623
