1 0.692041 0.596772 0.213798 0.254851
1 0.625456 0.216412 0.226505 0.286083
1 0.2475 0.221857 0.195312 0.253103
1 0.0581153 0.514841 0.116231 0.28086
1 0.536233 0.41549 0.22883 0.268547
1 0.711588 0.366669 0.22347 0.304942
1 0.556732 0.743139 0.171856 0.254694
1 0.640363 0.790601 0.195826 0.25421
0 0.329551 0.629934 0.148715 0.203404
2 0.266552 0.687006 0.342503 0.461993
1 0.0698209 0.288535 0.13924 0.269284
1 0.113509 0.363011 0.195125 0.264837
0 0.322414 0.616421 0.109864 0.174465
1 0.0561674 0.720027 0.112335 0.214809
1 0.179033 0.0998701 0.195491 0.19974
1 0.877954 0.359649 0.195212 0.287542
