1 0.163652 0.293188 0.192267 0.25383
1 0.526581 0.789677 0.202385 0.248158
1 0.722077 0.390684 0.196138 0.2509
1 0.0768006 0.653256 0.151735 0.277137
1 0.775646 0.689084 0.206944 0.21777
1 0.078343 0.129776 0.155971 0.241522
0 0.580563 0.462737 0.134119 0.194194
1 0.28735 0.641661 0.222286 0.301488
1 0.791853 0.885603 0.210131 0.226839
0 0.40344 0.419315 0.141562 0.211193
1 0.802364 0.519225 0.199501 0.22353
1 0.248395 0.508701 0.1817 0.244132
2 0.48786 0.485499 0.387947 0.52494
1 0.0739179 0.459538 0.147128 0.245808
0 0.45619 0.562057 0.141411 0.165063
1 0.394958 0.159869 0.220043 0.247562
1 0.579229 0.159073 0.197073 0.258992
0 0.408525 0.403878 0.124118 0.16306
