1 0.723351 0.533683 0.25364 0.285166
1 0.741814 0.274671 0.222506 0.286366
1 0.290197 0.515464 0.247574 0.293076
1 0.512461 0.459162 0.173697 0.217125
1 0.152138 0.722344 0.20312 0.242915
1 0.387523 0.189606 0.180044 0.245378
1 0.126939 0.355907 0.191534 0.244691
1 0.394673 0.679525 0.177035 0.218363
1 0.411841 0.866178 0.225389 0.259721
1 0.574699 0.323497 0.200385 0.227833
1 0.337063 0.358524 0.202492 0.254312
0 0.914689 0.72273 0.0991303 0.148562
0 0.817388 0.755815 0.130163 0.143439
1 0.0638017 0.357888 0.126629 0.221873
0 0.853956 0.937486 0.133557 0.117264
1 0.943016 0.389387 0.113907 0.256964
