1 0.235049 0.3475 0.212607 0.282882
1 0.408704 0.388634 0.198878 0.273197
1 0.870141 0.459234 0.206768 0.292329
1 0.91081 0.778565 0.178381 0.270684
2 0.450097 0.825775 0.349834 0.344172
1 0.955333 0.316163 0.0891918 0.254286
1 0.905383 0.195915 0.189234 0.257279
1 0.5989 0.583731 0.206271 0.318323
1 0.955157 0.576576 0.0896136 0.267777
1 0.748154 0.769137 0.234307 0.29178
1 0.126402 0.520589 0.161616 0.274923
0 0.515618 0.834588 0.10599 0.17145
1 0.71524 0.330277 0.191492 0.249599
1 0.528026 0.255443 0.182674 0.255241
