1 0.884834 0.711804 0.182034 0.271572
1 0.742808 0.611044 0.191451 0.270955
1 0.112005 0.870938 0.203146 0.250992
1 0.451477 0.72049 0.193254 0.262547
1 0.26329 0.700609 0.220605 0.274889
1 0.76198 0.240649 0.203415 0.271362
0 0.126566 0.473176 0.13145 0.172557
1 0.335228 0.107234 0.201455 0.214468
2 0.544733 0.345008 0.412836 0.573162
1 0.753788 0.0825378 0.192923 0.164117
1 0.262147 0.461463 0.208559 0.275483
0 0.0862343 0.105547 0.0825157 0.100481
1 0.0550111 0.625698 0.110022 0.311955
1 0.631778 0.775488 0.189261 0.240902
1 0.198137 0.213991 0.194661 0.265656
