1 0.857378 0.139773 0.176051 0.231898
1 0.268355 0.423656 0.224874 0.324036
2 0.563651 0.537583 0.390322 0.524026
1 0.0884243 0.568909 0.175641 0.245161
1 0.911578 0.541335 0.176844 0.258928
1 0.0686101 0.229467 0.13718 0.273709
1 0.334346 0.797957 0.212261 0.283292
1 0.753879 0.351113 0.202912 0.26989
0 0.525738 0.612348 0.146632 0.154678
1 0.968438 0.570281 0.0630291 0.262795
1 0.68652 0.769649 0.178811 0.256365
1 0.251344 0.809777 0.198414 0.28582
1 0.140509 0.911776 0.204599 0.173137
1 0.83285 0.404013 0.182053 0.251839
1 0.829951 0.725499 0.185355 0.245652
