1 0.272123 0.44853 0.21858 0.286633
1 0.882238 0.594643 0.231444 0.28302
1 0.802805 0.742525 0.217228 0.311882
1 0.530458 0.577718 0.203553 0.249373
1 0.938021 0.811414 0.123269 0.255698
1 0.710433 0.195586 0.228079 0.302208
1 0.120659 0.16923 0.203164 0.330473
1 0.892569 0.203631 0.203767 0.274063
0 0.358268 0.0737552 0.113203 0.115308
0 0.168319 0.472199 0.077276 0.10245
1 0.262591 0.188657 0.157249 0.287018
1 0.591116 0.89191 0.227534 0.212912
0 0.086527 0.800007 0.0757202 0.101006
2 0.464614 0.196213 0.454424 0.374045
0 0.53501 0.182743 0.159607 0.151436
