1 0.806703 0.529497 0.207388 0.297881
1 0.590523 0.548245 0.204666 0.274559
1 0.147695 0.34877 0.185625 0.266462
1 0.401503 0.674871 0.233674 0.311111
1 0.499132 0.286459 0.213704 0.292098
1 0.515221 0.82918 0.188115 0.251244
1 0.224479 0.470012 0.203016 0.236182
1 0.380124 0.532641 0.186302 0.24349
1 0.944105 0.245665 0.11179 0.317012
1 0.91896 0.0880336 0.160558 0.174396
1 0.136064 0.706687 0.15426 0.244558
1 0.245531 0.878178 0.2903 0.243644
1 0.857462 0.706365 0.194799 0.28097
0 0.472221 0.114893 0.121108 0.139335
1 0.186815 0.128477 0.242962 0.234255
0 0.415059 0.0475229 0.07886 0.0940764
1 0.971876 0.46709 0.0561616 0.251475
