1 0.466468 0.430586 0.228681 0.300058
1 0.167599 0.33475 0.201459 0.293986
1 0.12923 0.846069 0.214807 0.268912
1 0.717162 0.527084 0.204508 0.264337
1 0.312669 0.681118 0.19881 0.270094
1 0.169932 0.57812 0.166595 0.232667
1 0.754817 0.120325 0.207137 0.240344
1 0.534666 0.641114 0.214555 0.253757
0 0.273527 0.379845 0.0894385 0.114451
1 0.312502 0.894869 0.181989 0.206334
1 0.0497633 0.332942 0.0995266 0.273092
1 0.886199 0.833477 0.213119 0.267596
1 0.943686 0.694631 0.112413 0.274812
0 0.284527 0.192454 0.0884387 0.113733
1 0.793908 0.808968 0.183222 0.250922
1 0.46306 0.261958 0.208894 0.253208
