1 0.276732 0.63504 0.196572 0.276778
1 0.80862 0.583036 0.177052 0.258028
1 0.26786 0.296908 0.210312 0.291765
1 0.751925 0.90141 0.211127 0.194131
1 0.110133 0.590955 0.19145 0.26333
1 0.574538 0.865403 0.198837 0.260404
1 0.599909 0.237605 0.183217 0.266066
1 0.37575 0.849505 0.213354 0.295119
1 0.924192 0.907924 0.151616 0.179664
2 0.506234 0.551284 0.409299 0.568778
1 0.694215 0.733524 0.196227 0.241912
1 0.700318 0.468111 0.156946 0.325458
1 0.423576 0.234217 0.192017 0.250086
1 0.928406 0.725124 0.143189 0.263515
0 0.252357 0.906171 0.1049 0.126963
1 0.947977 0.412244 0.103241 0.302441
1 0.333071 0.101712 0.198041 0.202234
1 0.939392 0.44842 0.121216 0.374086
1 0.0857239 0.794985 0.170694 0.227616
