1 0.891072 0.141209 0.178839 0.23944
1 0.776666 0.671429 0.246823 0.279465
1 0.922923 0.505776 0.154153 0.246411
1 0.673652 0.310911 0.200012 0.266797
1 0.189572 0.627049 0.218451 0.256069
1 0.581501 0.667589 0.193698 0.282445
1 0.116851 0.189713 0.194344 0.293357
1 0.537094 0.290504 0.203675 0.272133
1 0.401218 0.873415 0.214422 0.240933
1 0.918208 0.33409 0.163584 0.239487
2 0.35221 0.393645 0.342972 0.479584
0 0.536484 0.841122 0.0906333 0.125084
1 0.942696 0.691869 0.11428 0.275642
0 0.0417761 0.34154 0.0775549 0.118186
