1 0.244383 0.496694 0.213699 0.256436
1 0.215016 0.71218 0.211075 0.269442
1 0.934035 0.666413 0.13193 0.302277
1 0.432329 0.34405 0.224589 0.248423
1 0.264388 0.256059 0.179332 0.264312
2 0.626481 0.550211 0.37452 0.536611
1 0.93295 0.224511 0.134101 0.318578
1 0.525195 0.863335 0.219841 0.27333
1 0.42387 0.54902 0.173314 0.24298
1 0.651237 0.253013 0.194074 0.248121
1 0.141606 0.279124 0.14179 0.279644
1 0.430589 0.137589 0.206918 0.246545
1 0.775033 0.700225 0.204936 0.248361
1 0.972455 0.443724 0.0550336 0.266784
