1 0.497709 0.592633 0.190696 0.255336
1 0.922659 0.51509 0.154683 0.258837
2 0.690379 0.202939 0.371197 0.403365
0 0.583453 0.19679 0.114733 0.185534
1 0.520276 0.382924 0.16087 0.233653
1 0.796777 0.851617 0.221788 0.25423
1 0.193178 0.443102 0.170658 0.244527
0 0.660253 0.126621 0.135485 0.209397
1 0.704215 0.52125 0.212488 0.297884
1 0.966113 0.703015 0.067773 0.29208
1 0.217719 0.88623 0.193678 0.224952
1 0.751929 0.48949 0.218473 0.259869
1 0.939123 0.106915 0.12167 0.212544
1 0.587314 0.862296 0.209955 0.271196
