1 0.750926 0.320864 0.198053 0.260284
1 0.786494 0.678893 0.187446 0.246038
2 0.288809 0.368006 0.414565 0.566436
1 0.586482 0.883349 0.215027 0.233303
0 0.353518 0.4972 0.135296 0.199044
1 0.462718 0.687194 0.234748 0.263597
0 0.168745 0.169673 0.0845482 0.0957025
1 0.0803821 0.3838 0.158882 0.299126
1 0.607354 0.455147 0.239092 0.272357
1 0.878284 0.732958 0.193838 0.298926
1 0.764189 0.880841 0.202877 0.2353
0 0.286951 0.960272 0.0900098 0.0776693
1 0.147834 0.685141 0.188659 0.254738
1 0.20389 0.777917 0.244106 0.28784
1 0.077967 0.121138 0.155934 0.237827
1 0.402095 0.894303 0.194989 0.207584
0 0.264392 0.298523 0.133879 0.165964
