1 0.780198 0.88237 0.220163 0.235261
1 0.230468 0.286827 0.233614 0.290431
1 0.464688 0.30979 0.219575 0.298779
1 0.173472 0.530812 0.193483 0.27418
1 0.939711 0.907457 0.120577 0.183864
1 0.878136 0.32184 0.196993 0.238664
1 0.108274 0.845168 0.200118 0.304351
2 0.288249 0.889628 0.23785 0.216309
1 0.677902 0.44552 0.288946 0.34617
1 0.86833 0.538745 0.215942 0.261343
0 0.585991 0.572657 0.0735472 0.0875423
1 0.501145 0.863762 0.212811 0.256295
0 0.304858 0.884837 0.155605 0.173191
1 0.921972 0.634584 0.156056 0.334287
