1 0.689271 0.656873 0.191038 0.254274
1 0.83159 0.269842 0.20482 0.257247
1 0.808186 0.473926 0.181375 0.220334
1 0.786397 0.802901 0.186761 0.243143
1 0.271705 0.883315 0.194268 0.23337
1 0.447029 0.858328 0.215397 0.272085
1 0.586029 0.345539 0.224895 0.302136
0 0.2723 0.579984 0.140447 0.177779
0 0.403892 0.447547 0.128552 0.176345
1 0.104971 0.398189 0.209942 0.22432
1 0.084938 0.572672 0.169271 0.225597
1 0.101552 0.184779 0.203103 0.277225
0 0.437873 0.583813 0.146263 0.206634
1 0.357117 0.246177 0.202647 0.253917
1 0.0385626 0.787878 0.0770449 0.314998
1 0.130328 0.688376 0.205334 0.249943
2 0.374135 0.530419 0.387726 0.501849
