1 0.372792 0.768028 0.216799 0.29556
1 0.856308 0.552025 0.217683 0.269939
1 0.242182 0.331008 0.181104 0.239637
1 0.219713 0.692923 0.196186 0.241415
2 0.441272 0.217095 0.393465 0.43419
1 0.707249 0.443315 0.198811 0.240105
1 0.540542 0.804659 0.174369 0.241953
1 0.35144 0.510236 0.187905 0.254963
1 0.678762 0.112554 0.211462 0.225107
1 0.0917187 0.287797 0.183437 0.248113
1 0.90212 0.181877 0.180814 0.27922
1 0.623961 0.628256 0.175682 0.223334
0 0.438213 0.120031 0.108545 0.148443
1 0.10661 0.905156 0.202815 0.186002
1 0.779671 0.672892 0.19183 0.253265
0 0.538422 0.138751 0.122608 0.190829
1 0.632513 0.282341 0.174978 0.238501
1 0.0295072 0.516487 0.0590144 0.298771
