1 0.656669 0.283664 0.212113 0.271933
1 0.802211 0.684595 0.175752 0.22436
1 0.550092 0.49499 0.193891 0.260474
1 0.871399 0.520678 0.188684 0.241549
1 0.929915 0.295291 0.139983 0.291456
1 0.673173 0.609872 0.154238 0.325333
1 0.0887799 0.744931 0.176709 0.273303
1 0.682782 0.874738 0.204861 0.241903
1 0.312174 0.791185 0.208816 0.293165
1 0.402356 0.57589 0.200344 0.257381
1 0.907598 0.835791 0.179336 0.251438
1 0.871928 0.288178 0.208153 0.280854
1 0.260743 0.547206 0.188284 0.235629
0 0.490271 0.166196 0.109406 0.138402
1 0.208598 0.172444 0.170951 0.228606
2 0.432113 0.233228 0.388197 0.466456
0 0.491177 0.282174 0.13928 0.159809
1 0.199218 0.599007 0.191047 0.264215
1 0.206853 0.286675 0.194675 0.267995
1 0.97564 0.641722 0.0485787 0.25116
1 0.388851 0.797425 0.19584 0.27078
0 0.356524 0.315689 0.142561 0.137189
