1 0.771393 0.542659 0.184643 0.253019
1 0.493684 0.866946 0.227517 0.266107
1 0.904063 0.70601 0.191874 0.299771
1 0.343382 0.711229 0.190798 0.263863
1 0.605701 0.689377 0.202919 0.274483
1 0.911671 0.449112 0.176658 0.271641
1 0.762074 0.330573 0.184806 0.236738
1 0.624894 0.415089 0.16764 0.250804
1 0.272989 0.883667 0.212716 0.231663
1 0.131724 0.213532 0.168472 0.254311
1 0.098183 0.517996 0.1855 0.265503
1 0.902099 0.217918 0.156454 0.241334
2 0.370966 0.242072 0.364133 0.484145
1 0.668344 0.132475 0.207851 0.264951
1 0.462794 0.527968 0.237097 0.294374
1 0.0257924 0.305246 0.0515508 0.309229
