1 0.771302 0.63873 0.203418 0.270181
1 0.757607 0.335182 0.202328 0.258416
1 0.576494 0.833752 0.188949 0.266288
1 0.733199 0.873982 0.187436 0.249299
1 0.429075 0.892461 0.184526 0.210693
1 0.447288 0.184485 0.209536 0.277045
1 0.872007 0.462451 0.172197 0.275099
1 0.0684128 0.798865 0.135837 0.253172
2 0.404204 0.546899 0.347215 0.505623
1 0.807337 0.142629 0.155212 0.23322
1 0.247407 0.37683 0.232416 0.323887
1 0.237692 0.886828 0.225837 0.223438
0 0.437073 0.497183 0.143068 0.160706
1 0.0981956 0.386587 0.196391 0.394863
1 0.162867 0.91515 0.17743 0.165529
