1 0.218453 0.392032 0.187004 0.256275
1 0.324966 0.575378 0.183179 0.248187
1 0.518736 0.616032 0.195726 0.264148
1 0.271713 0.762119 0.189175 0.240956
1 0.789846 0.622102 0.180602 0.275688
1 0.0519357 0.479924 0.103432 0.261862
2 0.65608 0.292843 0.348173 0.476598
1 0.429247 0.76009 0.207416 0.248145
1 0.919032 0.783107 0.161935 0.234814
1 0.354974 0.244619 0.200058 0.233663
1 0.405198 0.410305 0.236791 0.291952
1 0.111526 0.210244 0.204905 0.307059
0 0.698167 0.402961 0.150573 0.186523
1 0.183582 0.592325 0.174899 0.246474
