1 0.240928 0.399181 0.199969 0.276537
1 0.211923 0.158641 0.200878 0.230916
1 0.316639 0.61018 0.207462 0.270771
1 0.928653 0.713906 0.142586 0.308926
1 0.618912 0.495667 0.210892 0.259406
1 0.316934 0.856939 0.189243 0.261509
1 0.407305 0.555852 0.206608 0.262634
1 0.0679406 0.130564 0.135881 0.25044
1 0.530375 0.756435 0.180044 0.242607
1 0.851383 0.488651 0.190455 0.245661
1 0.657717 0.695452 0.224322 0.27768
1 0.956316 0.468405 0.0867742 0.278168
1 0.176507 0.681549 0.228226 0.29732
1 0.554967 0.298009 0.2004 0.268045
1 0.616145 0.138722 0.202407 0.277444
1 0.817984 0.784195 0.156686 0.229974
1 0.79112 0.171637 0.20206 0.244437
1 0.759566 0.0750368 0.207456 0.148777
1 0.475605 0.291577 0.186024 0.268371
1 0.824895 0.393938 0.204093 0.263389
0 0.354805 0.0888257 0.0847775 0.120001
