2 0.443327 0.253327 0.35772 0.475931
1 0.11292 0.167547 0.189564 0.237145
1 0.71016 0.363331 0.178234 0.23433
1 0.850406 0.396055 0.18082 0.2376
1 0.307106 0.768425 0.235994 0.297175
1 0.835074 0.717187 0.240264 0.279569
1 0.0886086 0.564003 0.177217 0.276184
1 0.246557 0.326099 0.188758 0.275643
1 0.295927 0.539938 0.188355 0.252786
1 0.698005 0.58323 0.195931 0.258074
0 0.380373 0.302378 0.104158 0.130335
1 0.645757 0.716998 0.185829 0.260718
1 0.756484 0.126285 0.215781 0.252363
1 0.0246581 0.745675 0.0493034 0.324759
