1 0.25815 0.290938 0.241376 0.317504
1 0.240138 0.854166 0.200928 0.2505
1 0.343461 0.510433 0.216962 0.256797
1 0.835801 0.281576 0.188489 0.255791
1 0.374911 0.724788 0.217595 0.246573
1 0.431848 0.160386 0.228283 0.283226
1 0.953477 0.816177 0.0926758 0.266457
1 0.180826 0.126732 0.215475 0.253391
1 0.957229 0.585321 0.085477 0.271069
2 0.685738 0.704365 0.37554 0.507474
1 0.94865 0.36014 0.101977 0.253883
1 0.643556 0.206196 0.216077 0.246848
1 0.75935 0.0885252 0.200081 0.175711
1 0.976948 0.141822 0.046065 0.282672
