1 0.45287 0.289822 0.208006 0.281481
1 0.321296 0.542787 0.194182 0.289732
1 0.180843 0.508272 0.173144 0.239607
1 0.474991 0.53952 0.199094 0.267877
1 0.173346 0.31859 0.199989 0.247826
1 0.220777 0.745683 0.212291 0.245642
1 0.580781 0.726183 0.205062 0.264406
0 0.64775 0.322911 0.120618 0.15623
1 0.716943 0.807524 0.195594 0.257943
1 0.253363 0.132376 0.208879 0.264752
1 0.163924 0.108448 0.21513 0.216896
1 0.0619205 0.524954 0.123118 0.286216
0 0.604259 0.405942 0.130934 0.158604
2 0.690327 0.411507 0.386644 0.493087
1 0.865086 0.635201 0.208358 0.262186
