1 0.605328 0.570749 0.185841 0.252696
1 0.22206 0.339227 0.19302 0.262819
1 0.0840493 0.231447 0.166699 0.313008
1 0.0838176 0.739588 0.165234 0.293879
1 0.620752 0.852958 0.183884 0.247267
1 0.224123 0.709715 0.179111 0.241439
2 0.364328 0.541952 0.306999 0.443164
1 0.510073 0.190898 0.206638 0.283636
1 0.32243 0.157083 0.2066 0.255348
1 0.674451 0.148067 0.218967 0.2811
1 0.787133 0.857918 0.179495 0.233992
1 0.546234 0.385363 0.213881 0.276409
0 0.3227 0.424061 0.130681 0.151816
1 0.276373 0.847384 0.188292 0.216143
