1 0.497256 0.337949 0.171055 0.236002
1 0.799293 0.404199 0.261142 0.278873
1 0.459788 0.572257 0.162875 0.259598
1 0.639886 0.272926 0.188874 0.258477
2 0.283757 0.449997 0.312221 0.394719
1 0.870178 0.181236 0.213983 0.283891
0 0.349063 0.472793 0.123895 0.168284
0 0.284211 0.345409 0.133695 0.146944
1 0.805556 0.6028 0.174354 0.247765
1 0.0940113 0.584715 0.147714 0.228442
1 0.396646 0.156222 0.22419 0.310505
1 0.193449 0.864507 0.237994 0.259142
0 0.265348 0.542026 0.136254 0.15723
1 0.359625 0.864173 0.179181 0.229419
1 0.815533 0.826065 0.223961 0.191952
1 0.975446 0.63808 0.0490666 0.288915
1 0.150672 0.0972197 0.160351 0.187219
