1 0.474039 0.407918 0.228162 0.282667
1 0.311387 0.491265 0.182991 0.255167
1 0.0918001 0.36764 0.1836 0.271094
2 0.427291 0.748409 0.341071 0.46461
1 0.849881 0.849773 0.186883 0.24898
1 0.649162 0.391826 0.195902 0.270725
1 0.241089 0.851986 0.198871 0.28185
0 0.370903 0.811259 0.0950945 0.133211
1 0.702469 0.831973 0.186336 0.241823
1 0.10498 0.705096 0.172616 0.247035
1 0.760443 0.229539 0.234957 0.290143
0 0.502317 0.794248 0.130963 0.16953
0 0.519952 0.78647 0.0973674 0.155642
1 0.953329 0.778303 0.0933421 0.30975
