1 0.682404 0.795559 0.200895 0.267448
1 0.90814 0.386698 0.18372 0.270727
1 0.714748 0.5636 0.238875 0.313369
1 0.386612 0.861685 0.231225 0.276631
2 0.461622 0.509485 0.336471 0.424697
1 0.925648 0.615763 0.148704 0.26026
1 0.262866 0.567735 0.163967 0.244303
1 0.55952 0.252639 0.247199 0.282669
1 0.799511 0.365365 0.215871 0.272153
1 0.148068 0.385797 0.181333 0.233625
1 0.241475 0.213623 0.188048 0.294256
0 0.427455 0.393802 0.102128 0.124332
1 0.189516 0.632543 0.174927 0.21109
1 0.922985 0.259076 0.153549 0.237952
1 0.529876 0.905145 0.193824 0.188391
0 0.505267 0.437743 0.103152 0.136175
