1 0.297107 0.467079 0.205987 0.27873
1 0.253993 0.764142 0.195856 0.258296
1 0.841001 0.606609 0.188361 0.24499
1 0.692651 0.33954 0.188847 0.282412
2 0.109186 0.35404 0.217311 0.368026
1 0.430059 0.801641 0.210413 0.252041
1 0.150564 0.648215 0.207687 0.335191
0 0.364372 0.224375 0.0813323 0.102072
1 0.534433 0.44951 0.234385 0.294552
1 0.129446 0.879041 0.209857 0.240983
1 0.448368 0.605464 0.178117 0.256661
0 0.640323 0.871885 0.0805008 0.105382
1 0.829772 0.365091 0.155038 0.309979
1 0.61277 0.221377 0.215743 0.260769
1 0.0558644 0.726003 0.111729 0.268348
1 0.593636 0.696465 0.18813 0.277845
