1 0.512876 0.812477 0.204763 0.265191
1 0.802265 0.878209 0.206831 0.242779
1 0.463737 0.572097 0.187249 0.255495
1 0.685021 0.254394 0.206846 0.231541
1 0.608818 0.496437 0.169888 0.307175
1 0.751255 0.473445 0.168772 0.225661
1 0.775151 0.658466 0.189196 0.239353
1 0.0871938 0.16094 0.1729 0.277304
1 0.887038 0.374124 0.173573 0.251939
1 0.312231 0.209235 0.217339 0.299189
1 0.719705 0.873866 0.202913 0.252268
0 0.320392 0.865029 0.113598 0.14417
1 0.0904596 0.64576 0.180749 0.262524
1 0.153969 0.353591 0.198055 0.263914
1 0.343016 0.437582 0.203524 0.250163
2 0.290761 0.769439 0.380066 0.456763
1 0.0405565 0.499604 0.081113 0.321468
0 0.355607 0.76004 0.119585 0.142798
0 0.228431 0.676472 0.117189 0.128477
1 0.386912 0.217357 0.186011 0.288768
