1 0.904296 0.414339 0.189243 0.255716
1 0.715038 0.448797 0.22488 0.328493
1 0.535265 0.499692 0.194965 0.27026
1 0.90696 0.659856 0.18608 0.245251
1 0.872594 0.225517 0.18809 0.261395
1 0.469387 0.283335 0.201908 0.260462
2 0.37207 0.666202 0.343836 0.462166
1 0.278776 0.260803 0.206843 0.28422
1 0.556002 0.338374 0.19241 0.242219
1 0.646562 0.902929 0.208495 0.191552
1 0.259984 0.0912496 0.204131 0.182499
1 0.143286 0.60667 0.185709 0.256875
1 0.482791 0.877322 0.18903 0.242076
1 0.627109 0.117777 0.218 0.235555
