1 0.194858 0.479058 0.199182 0.276504
1 0.890579 0.81859 0.203071 0.306068
1 0.112927 0.755361 0.210551 0.299476
1 0.565856 0.587502 0.209465 0.261977
1 0.257345 0.686721 0.212453 0.271045
1 0.7392 0.136468 0.207766 0.232572
1 0.589995 0.229897 0.201345 0.289291
1 0.182094 0.243636 0.194879 0.237466
1 0.240096 0.8998 0.1891 0.196404
1 0.45916 0.837828 0.182653 0.243955
1 0.0524737 0.205068 0.104583 0.252397
1 0.517225 0.389884 0.195846 0.26121
1 0.744175 0.880752 0.164661 0.227666
1 0.761119 0.275884 0.2008 0.250117
1 0.802732 0.58998 0.188628 0.242311
1 0.595656 0.784643 0.2233 0.275801
1 0.354763 0.631317 0.198249 0.260945
1 0.0366753 0.550301 0.0733506 0.268575
1 0.782551 0.497781 0.210555 0.262468
1 0.927792 0.579897 0.131224 0.270448
1 0.435279 0.3836 0.188151 0.256045
2 0.376701 0.176409 0.361936 0.318112
