1 0.174068 0.513613 0.193176 0.257454
1 0.72352 0.8588 0.17982 0.271142
1 0.183141 0.879667 0.183234 0.239147
1 0.453258 0.79836 0.19408 0.25928
1 0.284293 0.197364 0.227557 0.254559
1 0.26107 0.716436 0.185295 0.250598
2 0.628948 0.516973 0.348131 0.486261
1 0.342278 0.893896 0.205335 0.21175
1 0.329475 0.399663 0.204646 0.23495
1 0.364036 0.573547 0.227319 0.307702
1 0.0697219 0.338908 0.139444 0.251055
1 0.104528 0.30745 0.190862 0.28384
1 0.662409 0.250894 0.269207 0.282259
1 0.0227698 0.556775 0.0455396 0.290789
1 0.0457528 0.137397 0.0915057 0.244521
