1 0.745938 0.855013 0.207963 0.26377
1 0.124403 0.235279 0.239972 0.289967
1 0.34256 0.686001 0.216268 0.286061
2 0.647709 0.583218 0.395616 0.52695
1 0.397872 0.129805 0.186094 0.22939
1 0.458452 0.810536 0.200408 0.266285
1 0.0652995 0.4554 0.130599 0.284491
1 0.44274 0.360506 0.219496 0.278971
1 0.605112 0.893182 0.217696 0.209186
0 0.693985 0.488073 0.13062 0.172696
1 0.139063 0.7531 0.189371 0.247265
1 0.350097 0.489375 0.180018 0.259699
0 0.906509 0.553534 0.0719412 0.0865952
1 0.335578 0.896435 0.188391 0.205326
