1 0.284746 0.678793 0.207803 0.277164
1 0.166121 0.391141 0.20026 0.261424
1 0.538475 0.757846 0.202532 0.277012
1 0.700143 0.76668 0.191314 0.287753
1 0.126829 0.577764 0.186444 0.263768
1 0.946541 0.445937 0.105964 0.282193
1 0.0577935 0.24864 0.115478 0.241558
1 0.364945 0.119091 0.21018 0.238183
1 0.927636 0.652942 0.144262 0.241787
1 0.815658 0.140969 0.21633 0.249557
1 0.847116 0.63725 0.205518 0.286899
2 0.572004 0.402373 0.372102 0.496269
1 0.419288 0.873073 0.205497 0.249869
1 0.867538 0.815763 0.198439 0.234503
0 0.641388 0.505611 0.120882 0.153274
0 0.515093 0.37343 0.130097 0.167037
