1 0.652658 0.728121 0.211467 0.28137
1 0.885889 0.403748 0.214355 0.297982
1 0.742325 0.474096 0.194938 0.250815
1 0.244956 0.62792 0.195665 0.279815
1 0.131448 0.30217 0.20148 0.237037
2 0.855913 0.879704 0.271442 0.240178
1 0.308225 0.796725 0.219603 0.236902
1 0.526431 0.515012 0.18675 0.248883
1 0.572818 0.350018 0.216759 0.242913
1 0.939077 0.639234 0.121846 0.270072
0 0.551683 0.924361 0.0930154 0.118085
1 0.816018 0.668971 0.193025 0.247377
0 0.373749 0.158808 0.0739909 0.103284
0 0.786153 0.894082 0.111875 0.179365
1 0.394077 0.343015 0.185862 0.262256
1 0.405444 0.586318 0.209112 0.275055
