1 0.559145 0.658118 0.234797 0.29183
1 0.0698328 0.649898 0.138723 0.253616
2 0.495734 0.240822 0.35952 0.481644
1 0.929734 0.233242 0.140533 0.27422
1 0.948532 0.434303 0.102415 0.280047
1 0.653388 0.868043 0.219071 0.263914
1 0.399447 0.602558 0.225703 0.285461
1 0.833306 0.325028 0.21812 0.329484
1 0.26093 0.0598751 0.200531 0.119367
1 0.173767 0.136505 0.204503 0.240124
1 0.849779 0.0981349 0.216232 0.195228
1 0.311701 0.688283 0.214024 0.274402
1 0.243651 0.470701 0.245746 0.27159
1 0.827954 0.827942 0.175364 0.236751
