1 0.69157 0.733088 0.223897 0.245624
1 0.705482 0.52059 0.17921 0.25164
1 0.155492 0.414211 0.216895 0.290863
1 0.885625 0.570609 0.222899 0.260197
1 0.858393 0.812205 0.177076 0.266878
1 0.143465 0.845833 0.220962 0.291331
1 0.907698 0.35528 0.184604 0.272664
1 0.471488 0.826263 0.194423 0.247887
1 0.691179 0.907574 0.205597 0.181508
1 0.359932 0.379705 0.207901 0.251852
1 0.956765 0.787749 0.0862927 0.333727
2 0.517942 0.518859 0.393538 0.565836
0 0.575 0.447709 0.142649 0.193453
1 0.612514 0.19874 0.222824 0.301338
