1 0.480589 0.454764 0.230494 0.282382
1 0.309707 0.557316 0.179795 0.25342
1 0.219506 0.896667 0.187865 0.203636
2 0.405813 0.787087 0.347596 0.423492
1 0.0967158 0.466644 0.191792 0.269783
1 0.65703 0.418604 0.194944 0.273918
1 0.679862 0.864199 0.187628 0.256746
1 0.0878637 0.804602 0.161535 0.240642
0 0.346815 0.876485 0.102496 0.132403
1 0.642307 0.6418 0.18205 0.257769
1 0.719561 0.600691 0.216517 0.247121
1 0.824496 0.854137 0.189894 0.256411
1 0.944622 0.758408 0.110374 0.341156
0 0.365991 0.733313 0.124777 0.192606
