1 0.332415 0.659733 0.183609 0.261522
1 0.182868 0.475187 0.177459 0.225304
1 0.749018 0.481912 0.205068 0.259943
2 0.699971 0.764857 0.399833 0.470286
1 0.464558 0.724234 0.176783 0.267238
1 0.0698513 0.670511 0.139002 0.27189
1 0.138757 0.0880374 0.194417 0.176075
1 0.254111 0.295838 0.157546 0.207629
1 0.901505 0.462726 0.19699 0.282596
1 0.48279 0.478323 0.209574 0.230888
1 0.600987 0.195676 0.198602 0.24462
1 0.395994 0.339281 0.195564 0.243766
1 0.908053 0.236267 0.183894 0.251463
1 0.0645356 0.479463 0.129071 0.227276
1 0.392496 0.37953 0.20989 0.325767
