1 0.752949 0.594196 0.198373 0.259125
1 0.688683 0.805114 0.192056 0.24674
1 0.531465 0.804458 0.19312 0.253702
1 0.514129 0.543058 0.186889 0.255049
1 0.0997524 0.248698 0.199505 0.25002
1 0.129475 0.660337 0.210741 0.272908
1 0.264311 0.631231 0.207568 0.243573
1 0.265108 0.339847 0.232209 0.287188
1 0.705507 0.318141 0.216508 0.286376
1 0.824929 0.387704 0.184828 0.273167
1 0.937012 0.429935 0.125976 0.289755
1 0.058545 0.1 0.11709 0.198042
1 0.0295164 0.408172 0.0590329 0.278554
1 0.0888226 0.853317 0.176255 0.197362
