1 0.115077 0.684868 0.20897 0.269195
1 0.244342 0.212857 0.199566 0.282798
1 0.516185 0.407598 0.22075 0.296625
1 0.744453 0.588626 0.193961 0.25577
1 0.318833 0.593211 0.193003 0.263972
1 0.546204 0.637362 0.216446 0.248256
1 0.939802 0.846123 0.120397 0.289203
1 0.768166 0.881627 0.192369 0.235073
1 0.0951112 0.156101 0.172502 0.238256
0 0.33893 0.289496 0.0860608 0.115403
1 0.0856201 0.898716 0.170981 0.199196
1 0.279766 0.821864 0.190964 0.237563
1 0.203291 0.444406 0.169571 0.233622
1 0.857504 0.209256 0.202798 0.240948
1 0.953759 0.377716 0.0924825 0.278514
2 0.520604 0.830746 0.367324 0.333219
