1 0.891338 0.327098 0.21285 0.289772
1 0.599303 0.426239 0.219961 0.29163
0 0.491962 0.76244 0.138272 0.182284
1 0.0863204 0.798016 0.172641 0.258809
1 0.737907 0.618472 0.225642 0.272697
1 0.743937 0.225262 0.180874 0.245688
0 0.423911 0.684503 0.0978602 0.141905
1 0.902196 0.8525 0.154254 0.254216
1 0.311096 0.485679 0.196017 0.261752
1 0.964448 0.470967 0.0710898 0.288769
1 0.464764 0.149703 0.169864 0.229228
1 0.550141 0.286339 0.167692 0.211228
1 0.338746 0.163675 0.192171 0.269986
1 0.031806 0.701746 0.0636119 0.253816
