1 0.10766 0.517966 0.200594 0.263919
1 0.112392 0.732692 0.214045 0.27766
1 0.138927 0.285208 0.226402 0.318861
1 0.908422 0.623687 0.183053 0.247491
1 0.85731 0.480977 0.201512 0.27381
2 0.460873 0.395394 0.351367 0.52769
1 0.648893 0.249538 0.253887 0.29307
1 0.637782 0.745088 0.246978 0.311211
1 0.927586 0.747875 0.144085 0.27184
1 0.253485 0.441095 0.210797 0.255105
1 0.557365 0.902233 0.19389 0.19219
1 0.330555 0.751629 0.171217 0.248919
1 0.865127 0.263364 0.153883 0.255336
1 0.515941 0.72396 0.198947 0.263795
1 0.272224 0.909905 0.220692 0.175199
1 0.0276958 0.414609 0.0553385 0.273589
0 0.406645 0.292866 0.141669 0.173357
