1 0.762634 0.497169 0.216009 0.296327
1 0.585706 0.792822 0.217621 0.265712
1 0.19035 0.334938 0.25145 0.300057
1 0.542137 0.388698 0.172063 0.24365
1 0.0971022 0.703742 0.193806 0.282296
1 0.298921 0.887628 0.23164 0.223579
1 0.083433 0.135295 0.166381 0.224543
1 0.753148 0.913037 0.186957 0.167055
0 0.396686 0.442924 0.154069 0.199354
1 0.0462728 0.503495 0.0925455 0.25638
1 0.0430649 0.283343 0.0861297 0.257524
1 0.696091 0.246289 0.193303 0.239992
2 0.372557 0.558492 0.37297 0.539503
0 0.339844 0.562949 0.106991 0.144068
