1 0.275956 0.550328 0.20044 0.28017
1 0.43936 0.400924 0.197207 0.262149
1 0.20499 0.262129 0.224594 0.29586
1 0.253574 0.786933 0.198095 0.23269
1 0.0897968 0.812496 0.175712 0.249119
1 0.652068 0.465479 0.204793 0.260752
1 0.942338 0.255612 0.115324 0.325632
1 0.34467 0.34412 0.21267 0.273444
1 0.800306 0.903207 0.208538 0.18744
1 0.887234 0.47564 0.176573 0.240811
1 0.655695 0.832968 0.211402 0.306269
1 0.55343 0.200484 0.176284 0.23804
1 0.342712 0.114666 0.189882 0.229332
1 0.82805 0.795772 0.203664 0.252407
1 0.595134 0.65678 0.194419 0.262256
1 0.845464 0.185726 0.159739 0.230693
1 0.692677 0.2733 0.210956 0.262372
1 0.975262 0.514714 0.0494766 0.305577
1 0.860678 0.575308 0.207182 0.258985
1 0.51597 0.660078 0.192976 0.266319
