1 0.355579 0.52276 0.241232 0.29522
1 0.260728 0.292201 0.180658 0.307612
2 0.648305 0.525534 0.376374 0.492728
1 0.910008 0.897789 0.179562 0.194234
1 0.914811 0.36919 0.170377 0.261367
1 0.465948 0.748324 0.202739 0.250055
1 0.678147 0.86783 0.190354 0.258569
1 0.417834 0.317254 0.19324 0.259882
1 0.24756 0.765699 0.202765 0.29515
1 0.73533 0.112302 0.215626 0.212485
0 0.563069 0.448621 0.146455 0.173263
1 0.978155 0.520839 0.0436089 0.288768
1 0.349529 0.918893 0.196834 0.158976
1 0.510362 0.143737 0.211068 0.23908
1 0.953246 0.109898 0.093508 0.219796
0 0.67614 0.474785 0.0952124 0.139416
