0 0.41127 0.345123 0.137282 0.176304
1 0.572631 0.709866 0.188932 0.256449
1 0.916076 0.639964 0.167848 0.247952
1 0.247801 0.607338 0.18508 0.280085
1 0.25175 0.294044 0.236294 0.304028
1 0.373203 0.877102 0.180545 0.244898
1 0.742149 0.270852 0.189001 0.254987
1 0.91524 0.857008 0.16952 0.237875
1 0.689805 0.57468 0.242912 0.271252
1 0.400822 0.621792 0.18931 0.276979
1 0.1931 0.858663 0.200728 0.278325
0 0.594782 0.249502 0.155199 0.18897
1 0.648634 0.879604 0.225101 0.23742
1 0.927087 0.369898 0.145489 0.253403
0 0.812216 0.825918 0.0739065 0.0835343
1 0.977868 0.217994 0.0442508 0.312292
