1 0.447105 0.668947 0.228633 0.287366
1 0.283642 0.606022 0.185519 0.263424
1 0.620907 0.677105 0.196431 0.27619
1 0.0779078 0.747454 0.15537 0.279574
2 0.415678 0.326039 0.362087 0.477164
1 0.734159 0.830084 0.235057 0.288846
0 0.361344 0.405503 0.113081 0.161308
1 0.629743 0.453007 0.186733 0.263753
1 0.689751 0.231513 0.186863 0.243445
1 0.838649 0.2093 0.187371 0.247603
1 0.230676 0.246641 0.20229 0.28006
1 0.083299 0.40332 0.16465 0.241622
1 0.953338 0.263848 0.0931094 0.305945
1 0.146932 0.894716 0.215913 0.20573
0 0.358436 0.275028 0.11578 0.144849
1 0.692318 0.461526 0.24949 0.260773
