1 0.841575 0.527534 0.208264 0.287712
1 0.684224 0.43131 0.222056 0.309888
1 0.841444 0.202872 0.200142 0.274801
2 0.445082 0.561125 0.385738 0.499869
1 0.265956 0.131638 0.219419 0.263276
1 0.15481 0.488322 0.197656 0.261091
1 0.233108 0.667322 0.196583 0.277053
1 0.632133 0.848476 0.205827 0.261743
1 0.948132 0.210324 0.103669 0.287295
1 0.648088 0.240263 0.218302 0.259799
0 0.697373 0.645119 0.0849423 0.11786
1 0.952053 0.482749 0.095893 0.313872
0 0.529539 0.568511 0.125315 0.158053
1 0.0451651 0.583828 0.0903303 0.274438
0 0.241421 0.347465 0.0666323 0.0862005
0 0.228513 0.414481 0.0731345 0.0874956
