1 0.750927 0.62781 0.209781 0.254279
1 0.301407 0.578999 0.189314 0.247396
1 0.100363 0.85787 0.200725 0.283759
2 0.526268 0.236569 0.380307 0.409448
1 0.80617 0.826606 0.179588 0.245716
1 0.337128 0.375201 0.16168 0.229098
1 0.502661 0.567044 0.203899 0.296232
1 0.0493005 0.340007 0.0986009 0.26134
1 0.576975 0.894414 0.22757 0.209047
1 0.368111 0.870031 0.21617 0.259822
0 0.500547 0.153225 0.126182 0.177884
0 0.412134 0.207708 0.114954 0.183153
1 0.573146 0.548182 0.185197 0.261086
1 0.809839 0.195579 0.201323 0.256656
