1 0.152247 0.286712 0.22183 0.288344
1 0.285882 0.189504 0.215959 0.264384
1 0.730618 0.263014 0.205623 0.269007
1 0.724957 0.766772 0.199124 0.26038
1 0.623254 0.377292 0.189055 0.251752
1 0.103472 0.522935 0.203301 0.247532
1 0.299934 0.429482 0.214401 0.260797
1 0.168481 0.718959 0.164253 0.238745
2 0.444289 0.804993 0.322166 0.390014
1 0.779794 0.543756 0.200522 0.246127
1 0.0863328 0.906708 0.168479 0.182607
1 0.686905 0.580528 0.183722 0.247714
1 0.663012 0.924614 0.197085 0.147722
0 0.375521 0.745535 0.124334 0.173001
1 0.0556943 0.171737 0.111389 0.299219
