1 0.902951 0.382295 0.194099 0.27455
1 0.893857 0.687962 0.196074 0.253301
1 0.586885 0.846859 0.20646 0.279038
1 0.198111 0.596486 0.202524 0.25573
1 0.712288 0.19191 0.192436 0.264879
1 0.557896 0.125023 0.18701 0.250047
1 0.294078 0.100021 0.185664 0.200043
1 0.936008 0.87345 0.127985 0.250896
2 0.533545 0.485135 0.357305 0.503829
1 0.183806 0.245546 0.16387 0.255621
1 0.963555 0.554731 0.0726476 0.303343
1 0.865534 0.143896 0.191254 0.257126
0 0.506399 0.356176 0.113931 0.175511
0 0.480209 0.817977 0.0707907 0.0869782
1 0.0777655 0.688064 0.142524 0.238739
0 0.458035 0.522644 0.125069 0.187511
