1 0.293184 0.672294 0.187719 0.244966
1 0.165416 0.848257 0.218241 0.286975
1 0.129154 0.591525 0.196292 0.267961
1 0.475313 0.800128 0.20019 0.264694
1 0.742498 0.793977 0.188018 0.261847
1 0.280411 0.462423 0.186426 0.236554
1 0.348082 0.257836 0.205847 0.267057
1 0.425929 0.529938 0.165339 0.247992
2 0.677371 0.331161 0.38816 0.512206
1 0.192436 0.120283 0.197042 0.236735
1 0.618744 0.632411 0.198808 0.268624
1 0.934801 0.58213 0.130397 0.281163
1 0.900949 0.280526 0.193137 0.25718
1 0.820289 0.593694 0.185085 0.261878
1 0.130678 0.367577 0.153422 0.240738
1 0.564364 0.608458 0.181824 0.250119
