1 0.17509 0.524546 0.187472 0.280247
1 0.283046 0.401996 0.195461 0.263832
1 0.859063 0.283448 0.221312 0.288105
1 0.711697 0.369834 0.178047 0.269601
1 0.845133 0.904317 0.213119 0.187805
1 0.578489 0.750469 0.230638 0.332316
1 0.709403 0.603675 0.183409 0.279401
1 0.968803 0.552438 0.0623944 0.337944
0 0.25723 0.207332 0.0773034 0.106659
1 0.527502 0.457712 0.286794 0.342842
1 0.465114 0.264076 0.219155 0.280553
2 0.238647 0.804156 0.320659 0.383771
1 0.427537 0.580703 0.195763 0.259353
1 0.957801 0.891752 0.0840512 0.213407
