1 0.627376 0.30313 0.197503 0.259316
1 0.465482 0.760297 0.191499 0.260429
1 0.404638 0.543382 0.168658 0.229155
1 0.853359 0.321438 0.212926 0.292963
1 0.280441 0.837691 0.178801 0.189643
1 0.627438 0.569981 0.236919 0.32522
1 0.466173 0.119114 0.183798 0.234269
2 0.227276 0.21993 0.256382 0.362703
1 0.149738 0.713541 0.17336 0.243517
1 0.271359 0.466102 0.193327 0.276485
1 0.861255 0.559725 0.21645 0.279037
1 0.804484 0.732081 0.194394 0.236203
1 0.847507 0.117769 0.213297 0.235539
1 0.18387 0.514973 0.19161 0.232067
0 0.938584 0.6991 0.0876712 0.10751
