1 0.779752 0.370589 0.187965 0.253011
1 0.913253 0.734385 0.173494 0.259924
1 0.874003 0.207156 0.192938 0.239958
1 0.162663 0.551717 0.197349 0.221565
1 0.356437 0.200113 0.190879 0.246979
0 0.36726 0.506092 0.13163 0.176355
1 0.456017 0.842416 0.200654 0.234145
1 0.712116 0.577668 0.196317 0.247107
1 0.232086 0.427802 0.198371 0.236217
2 0.482316 0.537607 0.391218 0.517418
0 0.504649 0.618176 0.127432 0.172778
1 0.680512 0.700264 0.208918 0.300085
1 0.90614 0.536625 0.1781 0.235007
1 0.535142 0.215794 0.212954 0.259494
0 0.533919 0.467817 0.126524 0.193058
1 0.202614 0.719994 0.208297 0.215644
1 0.0906711 0.343569 0.160875 0.302193
1 0.204627 0.902189 0.204827 0.191501
1 0.689653 0.188246 0.197218 0.216014
