1 0.400002 0.785667 0.213016 0.259946
1 0.775383 0.851259 0.203561 0.265893
1 0.859014 0.283235 0.203683 0.267246
2 0.443808 0.45481 0.397268 0.502378
1 0.863294 0.633579 0.24164 0.315435
1 0.688307 0.393223 0.204256 0.272228
1 0.169307 0.72786 0.178086 0.217006
1 0.627936 0.813972 0.177626 0.231864
1 0.101618 0.524979 0.197049 0.296295
0 0.754097 0.55917 0.0773838 0.106683
0 0.509883 0.502027 0.109641 0.139572
0 0.378537 0.550693 0.14011 0.186827
1 0.0482922 0.418527 0.0965108 0.27502
1 0.968781 0.264433 0.0624171 0.263468
1 0.056167 0.68231 0.112334 0.239026
0 0.379925 0.582581 0.128367 0.149656
1 0.620219 0.154848 0.257039 0.309697
