1 0.353983 0.237546 0.237867 0.301598
1 0.790392 0.663442 0.220884 0.300047
1 0.233442 0.409881 0.204455 0.251854
1 0.391867 0.490688 0.192435 0.265477
1 0.19997 0.871549 0.200313 0.251699
1 0.739489 0.302312 0.198594 0.2476
1 0.324229 0.720649 0.177714 0.257305
1 0.950314 0.224636 0.0984509 0.273919
1 0.941743 0.410465 0.116515 0.300165
1 0.221145 0.635261 0.23799 0.271997
1 0.851068 0.122541 0.213813 0.245081
0 0.557541 0.777678 0.124694 0.158972
0 0.638543 0.677235 0.1476 0.20852
1 0.705744 0.501565 0.182825 0.220648
1 0.501231 0.107177 0.174658 0.21424
1 0.620024 0.199471 0.170877 0.234897
2 0.549456 0.712384 0.384921 0.467424
0 0.470648 0.707338 0.143137 0.174081
1 0.0855411 0.26747 0.171082 0.243768
1 0.0760336 0.398083 0.151576 0.246153
