1 0.818189 0.693818 0.218062 0.26833
1 0.808037 0.477832 0.254609 0.270249
1 0.912128 0.850244 0.175744 0.218001
1 0.587793 0.746728 0.193889 0.260844
1 0.718436 0.255451 0.188472 0.240118
2 0.532779 0.435627 0.395572 0.500587
1 0.148777 0.303128 0.201528 0.277015
1 0.14603 0.699089 0.213626 0.285199
1 0.41319 0.801898 0.185568 0.212351
1 0.954263 0.531694 0.0912338 0.263565
1 0.237155 0.349665 0.196517 0.273007
1 0.241254 0.792144 0.170007 0.203119
0 0.486868 0.336083 0.152841 0.186214
0 0.266777 0.675017 0.0846462 0.0922064
1 0.379786 0.633714 0.190648 0.284137
1 0.914594 0.296219 0.170811 0.253475
1 0.510499 0.154537 0.20282 0.236548
1 0.734431 0.0855677 0.20033 0.170125
1 0.37726 0.119726 0.202939 0.239451
