1 0.526949 0.303731 0.219181 0.285787
1 0.904922 0.617058 0.186206 0.283103
2 0.706128 0.593935 0.346973 0.46482
1 0.714792 0.306967 0.183361 0.267681
1 0.362589 0.356192 0.198593 0.267202
0 0.770476 0.636892 0.109325 0.134338
1 0.863544 0.117146 0.219397 0.234292
1 0.453642 0.559054 0.188733 0.254446
1 0.948777 0.41342 0.102005 0.273049
1 0.232064 0.0841199 0.197426 0.16824
1 0.480422 0.788275 0.187249 0.233529
0 0.708917 0.512861 0.115019 0.146908
1 0.355052 0.867005 0.193943 0.243758
1 0.20556 0.249229 0.228567 0.292371
