1 0.515618 0.485673 0.213365 0.306114
1 0.741121 0.33381 0.211476 0.313056
1 0.566184 0.696225 0.20869 0.268387
1 0.1457 0.756467 0.247231 0.292065
1 0.303151 0.887058 0.207411 0.223945
1 0.343811 0.709137 0.20961 0.308752
1 0.803525 0.559957 0.267159 0.349986
0 0.263616 0.520548 0.12888 0.150186
2 0.316235 0.252417 0.40375 0.496005
1 0.0623262 0.678964 0.124652 0.263681
0 0.330504 0.193224 0.121832 0.175602
1 0.0387868 0.382249 0.0775735 0.238502
0 0.255481 0.158075 0.133442 0.192149
1 0.1112 0.475713 0.168548 0.241374
1 0.578115 0.241704 0.208528 0.240589
0 0.534758 0.891978 0.0722099 0.0871521
1 0.706375 0.715942 0.189311 0.250934
