1 0.813689 0.820515 0.226498 0.29176
1 0.580105 0.586375 0.223163 0.301921
0 0.581792 0.227075 0.143747 0.183604
1 0.646098 0.837492 0.179567 0.256244
1 0.355006 0.766332 0.175919 0.246858
1 0.0692252 0.73778 0.137943 0.210127
1 0.766425 0.482666 0.229308 0.296305
1 0.250695 0.701829 0.212001 0.253697
1 0.322522 0.391859 0.198909 0.26153
0 0.490312 0.263682 0.106888 0.14458
1 0.486082 0.684596 0.17414 0.215293
1 0.957903 0.371382 0.084071 0.297406
1 0.167035 0.492993 0.243694 0.314029
0 0.521204 0.0893571 0.118163 0.151662
