1 0.697735 0.273105 0.238493 0.275974
1 0.54789 0.444524 0.235975 0.250036
1 0.245194 0.240604 0.205192 0.280029
2 0.19839 0.546955 0.386759 0.512763
1 0.416261 0.690317 0.202187 0.263311
0 0.498577 0.302293 0.112898 0.149101
1 0.512924 0.583043 0.187394 0.225729
0 0.917416 0.628549 0.0954126 0.120109
1 0.0935809 0.308766 0.186838 0.288127
1 0.413865 0.869465 0.201323 0.258681
1 0.829619 0.437201 0.198503 0.258799
1 0.386016 0.263305 0.14998 0.265832
1 0.868946 0.350036 0.146065 0.192333
0 0.286979 0.471987 0.113433 0.137937
