1 0.827633 0.813225 0.191529 0.26471
1 0.45659 0.413936 0.200403 0.279502
1 0.802469 0.330382 0.250857 0.350675
1 0.290515 0.359784 0.153396 0.228257
1 0.285048 0.593744 0.214989 0.265991
1 0.193264 0.327898 0.174126 0.220379
2 0.636006 0.651362 0.375613 0.503705
1 0.642915 0.259359 0.202748 0.290863
1 0.54767 0.182652 0.200327 0.263006
1 0.503948 0.905813 0.182521 0.186887
0 0.538815 0.556241 0.148253 0.202671
1 0.665683 0.908367 0.213408 0.179877
1 0.430828 0.580532 0.161622 0.244477
1 0.23897 0.757186 0.186136 0.255923
1 0.2917 0.177756 0.180837 0.224093
