1 0.757493 0.492889 0.209325 0.311347
1 0.868463 0.745191 0.208236 0.271998
1 0.535655 0.885269 0.199244 0.215376
1 0.911015 0.428846 0.17797 0.291635
1 0.680743 0.672319 0.215353 0.262882
1 0.381496 0.875058 0.171779 0.243861
2 0.53828 0.321014 0.377376 0.481616
0 0.305365 0.426271 0.0712608 0.0865733
1 0.288257 0.728553 0.219898 0.263317
1 0.246856 0.341992 0.194856 0.257004
0 0.802917 0.279794 0.086297 0.120288
1 0.959122 0.763862 0.0816263 0.287569
0 0.303353 0.49667 0.0686357 0.0824635
1 0.510756 0.666182 0.200377 0.254768
1 0.778141 0.101671 0.198189 0.200332
