1 0.857213 0.499628 0.200678 0.280881
1 0.28243 0.329181 0.236493 0.2967
1 0.850747 0.7474 0.230809 0.324726
1 0.415403 0.683766 0.188932 0.245755
0 0.697457 0.673209 0.14782 0.172105
1 0.465151 0.304807 0.174929 0.229049
2 0.632199 0.724834 0.332138 0.386081
1 0.347522 0.573979 0.184199 0.226472
0 0.554998 0.830696 0.113698 0.155262
1 0.605216 0.361289 0.210052 0.287307
1 0.0993115 0.782358 0.195348 0.291066
1 0.24026 0.866472 0.196907 0.207102
1 0.948986 0.36929 0.101697 0.276118
1 0.388779 0.123131 0.190672 0.246263
1 0.192941 0.108124 0.195853 0.216248
1 0.159151 0.415868 0.205871 0.26358
