1 0.18624 0.751724 0.191775 0.26444
1 0.89741 0.438756 0.197277 0.237379
1 0.266636 0.286211 0.199677 0.276725
1 0.35858 0.328626 0.201594 0.269319
1 0.345803 0.775949 0.19308 0.286798
1 0.691115 0.345282 0.210155 0.272891
1 0.492849 0.551673 0.215811 0.270827
1 0.61413 0.141077 0.243244 0.282155
1 0.32352 0.0989947 0.17784 0.197989
1 0.853611 0.22921 0.183782 0.256349
1 0.39318 0.526293 0.208757 0.270922
2 0.724373 0.646846 0.362073 0.471864
1 0.468315 0.0846605 0.170188 0.168045
1 0.545576 0.771953 0.15545 0.280149
