1 0.893304 0.2317 0.189403 0.263052
1 0.900056 0.709045 0.199887 0.340215
1 0.685523 0.829324 0.199774 0.255933
1 0.403234 0.611445 0.16009 0.242319
2 0.709111 0.359381 0.3417 0.475124
1 0.514792 0.398487 0.149617 0.229709
1 0.425355 0.792869 0.180762 0.229819
1 0.31426 0.633665 0.187928 0.246642
1 0.308569 0.207195 0.188472 0.25369
1 0.56639 0.586129 0.208552 0.276477
1 0.370136 0.382738 0.215491 0.273895
1 0.778667 0.765091 0.196558 0.294924
1 0.968601 0.30494 0.0627981 0.324642
1 0.589202 0.79817 0.173592 0.246768
