1 0.192685 0.332432 0.203271 0.277246
0 0.913044 0.804301 0.13351 0.174815
1 0.828653 0.548174 0.221747 0.287403
1 0.322936 0.468292 0.191943 0.265281
1 0.468312 0.359061 0.183588 0.241934
1 0.783509 0.771165 0.193691 0.287873
1 0.226305 0.802441 0.190667 0.267267
1 0.570015 0.232714 0.192625 0.276412
2 0.472983 0.749558 0.404964 0.500883
1 0.356668 0.173022 0.207094 0.254954
1 0.122026 0.617566 0.166596 0.275108
1 0.956248 0.440226 0.0873119 0.280522
1 0.644502 0.466069 0.206694 0.270778
1 0.802927 0.270354 0.197868 0.240237
0 0.579131 0.79196 0.132828 0.179166
