1 0.913019 0.33818 0.173962 0.315378
1 0.228512 0.908923 0.188264 0.176846
1 0.241492 0.384529 0.205345 0.258157
1 0.805117 0.563091 0.247084 0.292869
2 0.52156 0.554287 0.37634 0.492134
1 0.687408 0.784934 0.202803 0.253291
1 0.466892 0.880962 0.190846 0.237572
1 0.753837 0.351238 0.196038 0.267646
1 0.675307 0.181856 0.206239 0.247027
1 0.900119 0.818749 0.196064 0.301902
0 0.592145 0.482675 0.140373 0.189243
1 0.448096 0.132621 0.215043 0.22112
1 0.145503 0.518227 0.143984 0.241699
1 0.236106 0.701645 0.266369 0.281459
1 0.97914 0.682081 0.041699 0.311867
