1 0.179548 0.204832 0.183721 0.242763
1 0.552956 0.857773 0.2267 0.284454
1 0.370143 0.625634 0.220019 0.30883
1 0.190032 0.686652 0.204222 0.272667
0 0.694154 0.445262 0.131833 0.15147
1 0.723864 0.632598 0.245097 0.31306
1 0.79959 0.885085 0.191526 0.228265
1 0.851753 0.403623 0.221393 0.325446
0 0.6753 0.296335 0.139201 0.196689
1 0.331998 0.280043 0.193519 0.257044
2 0.605395 0.398346 0.414617 0.493516
1 0.0838735 0.791616 0.167747 0.287758
1 0.0511432 0.291661 0.102286 0.26361
0 0.689785 0.313679 0.151816 0.173057
1 0.138642 0.430188 0.196659 0.251352
1 0.0831739 0.106338 0.163549 0.212676
0 0.60767 0.48377 0.128031 0.171443
1 0.358415 0.169828 0.197262 0.252119
