1 0.567734 0.321499 0.218016 0.288572
1 0.801698 0.237928 0.222997 0.280057
1 0.172267 0.889504 0.168649 0.214546
1 0.117484 0.608591 0.164271 0.250621
1 0.183995 0.443384 0.244786 0.296965
1 0.704986 0.464 0.19364 0.247128
1 0.354604 0.29206 0.228884 0.273232
0 0.463473 0.834627 0.136339 0.153294
0 0.348915 0.523572 0.116494 0.142837
0 0.511129 0.735961 0.110088 0.176643
1 0.264053 0.164338 0.212015 0.274763
2 0.479359 0.694866 0.40195 0.523795
1 0.945101 0.544098 0.109407 0.295081
1 0.54769 0.115372 0.201332 0.230744
1 0.714386 0.658205 0.192356 0.203809
1 0.241852 0.709946 0.168876 0.229301
