1 0.182482 0.327997 0.20333 0.268016
0 0.707757 0.540564 0.153165 0.198871
1 0.409891 0.877585 0.195397 0.243321
0 0.648884 0.703638 0.124267 0.145799
1 0.240549 0.857198 0.226131 0.285604
1 0.344963 0.627191 0.200966 0.278712
1 0.675496 0.893446 0.223842 0.210683
1 0.146982 0.65598 0.206829 0.252124
1 0.365417 0.359842 0.192936 0.247307
2 0.661657 0.586052 0.329356 0.424488
1 0.429833 0.270659 0.193138 0.244799
0 0.728495 0.766347 0.079801 0.116023
1 0.045561 0.38413 0.091122 0.313073
1 0.313344 0.225973 0.18264 0.240743
0 0.663524 0.70499 0.0886412 0.124529
