1 0.226577 0.782442 0.179194 0.239117
1 0.106391 0.481927 0.212783 0.306498
1 0.573108 0.359141 0.205953 0.309753
1 0.835411 0.259508 0.206985 0.258323
1 0.814524 0.488613 0.184117 0.249035
1 0.663287 0.723633 0.199239 0.268682
1 0.452057 0.847394 0.256189 0.298393
1 0.0591432 0.725933 0.118012 0.283237
1 0.663745 0.131371 0.191312 0.260357
2 0.363518 0.492539 0.382534 0.535496
1 0.881218 0.0962607 0.177944 0.186283
1 0.322717 0.115618 0.214377 0.231236
1 0.0835422 0.270214 0.165938 0.25486
0 0.262777 0.501195 0.126024 0.17731
0 0.326818 0.3694 0.116397 0.162751
