1 0.115118 0.721189 0.189904 0.2607
1 0.298191 0.626275 0.231675 0.303023
1 0.189429 0.8798 0.187323 0.240148
1 0.460256 0.527091 0.191898 0.266706
1 0.825885 0.305424 0.177458 0.245424
1 0.821442 0.871038 0.194213 0.255604
1 0.0760112 0.487666 0.152022 0.238592
1 0.571026 0.710409 0.212004 0.26017
1 0.431254 0.154443 0.173373 0.249231
1 0.760432 0.68439 0.198158 0.284493
2 0.593549 0.314303 0.336938 0.465678
1 0.259711 0.157677 0.204993 0.23215
1 0.457345 0.898405 0.223805 0.199716
1 0.156022 0.271188 0.200436 0.243302
1 0.0402188 0.85918 0.0804169 0.264461
1 0.473545 0.697825 0.205965 0.256667
