1 0.157883 0.604164 0.20125 0.268066
1 0.798461 0.729763 0.204958 0.254798
1 0.781897 0.320265 0.203586 0.252331
1 0.228335 0.376179 0.187925 0.240381
1 0.395491 0.57355 0.186137 0.251905
1 0.633975 0.697229 0.22679 0.29205
1 0.385923 0.319196 0.185898 0.257114
1 0.647363 0.405044 0.209241 0.257443
1 0.186567 0.869369 0.215568 0.253914
1 0.0848838 0.818951 0.168 0.315508
0 0.105599 0.107029 0.132593 0.190496
1 0.912906 0.28784 0.14735 0.266007
1 0.837938 0.124129 0.182845 0.186082
1 0.192268 0.153639 0.326116 0.305955
1 0.569287 0.614852 0.250491 0.295476
2 0.190996 0.15191 0.325632 0.303821
1 0.0295353 0.558895 0.0590705 0.279156
