1 0.243275 0.865753 0.226527 0.268493
1 0.701174 0.884208 0.225116 0.231584
1 0.636221 0.70362 0.19994 0.248896
1 0.813666 0.680548 0.196404 0.28141
1 0.716472 0.282761 0.216678 0.272405
1 0.428983 0.764435 0.205904 0.26739
1 0.560437 0.516914 0.178484 0.256713
1 0.717554 0.499901 0.191515 0.238952
1 0.902259 0.202836 0.19401 0.231113
2 0.400624 0.242602 0.372573 0.485204
1 0.182956 0.657524 0.200449 0.261404
1 0.0659402 0.795924 0.131395 0.28767
1 0.0688621 0.37185 0.137724 0.2495
1 0.883599 0.465778 0.156661 0.240534
1 0.34309 0.551309 0.180565 0.273423
