1 0.330833 0.432894 0.210205 0.270098
1 0.693528 0.764297 0.186995 0.265607
1 0.554152 0.777557 0.190711 0.280358
1 0.694654 0.443502 0.216553 0.272993
1 0.872939 0.652684 0.194976 0.241932
2 0.322353 0.729428 0.384258 0.541145
1 0.530908 0.217861 0.209015 0.256532
1 0.938489 0.872942 0.123022 0.254116
1 0.213333 0.130189 0.211445 0.256529
1 0.821088 0.244701 0.199986 0.243373
1 0.179487 0.357582 0.20877 0.293933
1 0.949979 0.285949 0.100041 0.225763
1 0.84645 0.45361 0.170653 0.230225
1 0.964776 0.698728 0.0704132 0.243011
1 0.828635 0.789231 0.168891 0.255444
