1 0.211233 0.47268 0.191243 0.247845
1 0.355556 0.583362 0.195713 0.275958
1 0.32479 0.811049 0.235898 0.257577
1 0.911644 0.385744 0.176713 0.275088
1 0.391714 0.242018 0.205031 0.260154
1 0.767523 0.366153 0.189035 0.253489
2 0.618096 0.58102 0.328432 0.457852
1 0.211594 0.151378 0.219438 0.27237
1 0.58448 0.211477 0.214371 0.275121
1 0.530091 0.855646 0.215758 0.28733
1 0.145799 0.817289 0.18365 0.243125
0 0.54828 0.47745 0.114361 0.17266
1 0.916248 0.88241 0.166461 0.232168
1 0.918296 0.587564 0.163408 0.242358
1 0.930681 0.207389 0.138413 0.212687
