1 0.20522 0.750936 0.215533 0.275029
1 0.262708 0.265595 0.199998 0.28234
1 0.562545 0.441422 0.226381 0.307252
1 0.394534 0.647804 0.202188 0.279591
1 0.814556 0.618175 0.199146 0.259967
1 0.255874 0.501071 0.171747 0.238443
1 0.103721 0.218821 0.181105 0.242327
1 0.387433 0.880522 0.186447 0.236016
1 0.622166 0.678538 0.221832 0.255443
0 0.36772 0.338571 0.0910411 0.120146
1 0.88125 0.895353 0.193157 0.205288
1 0.971366 0.395937 0.0572559 0.306462
1 0.868232 0.225647 0.203509 0.236745
0 0.661349 0.882489 0.132026 0.187975
