1 0.758602 0.402154 0.185923 0.247414
1 0.328538 0.344521 0.194033 0.274896
1 0.59353 0.332621 0.18909 0.254269
1 0.203021 0.675341 0.205702 0.252744
1 0.90815 0.322069 0.183701 0.267057
1 0.846042 0.211825 0.194018 0.256499
1 0.179618 0.0935989 0.180209 0.182999
1 0.886483 0.686072 0.200438 0.228373
1 0.433053 0.54552 0.194226 0.24501
1 0.375974 0.122302 0.199505 0.244605
1 0.41673 0.89313 0.203623 0.213145
1 0.623166 0.120613 0.214894 0.218817
1 0.252609 0.513028 0.201718 0.248601
1 0.930352 0.535288 0.139297 0.213948
1 0.420564 0.416704 0.190418 0.229603
2 0.593025 0.759539 0.377583 0.480922
