1 0.569985 0.748433 0.202933 0.261408
2 0.23763 0.384119 0.41206 0.557342
1 0.432358 0.610567 0.236638 0.292877
1 0.757228 0.441194 0.188016 0.248855
0 0.10444 0.249601 0.085809 0.0990558
0 0.216723 0.322475 0.146574 0.192734
0 0.0826258 0.62656 0.0682471 0.0891488
1 0.0567357 0.509237 0.113471 0.28954
1 0.588982 0.312075 0.288729 0.275275
0 0.311957 0.473936 0.133248 0.205799
1 0.845165 0.441843 0.205845 0.282506
1 0.120687 0.764916 0.198947 0.261237
0 0.276414 0.96181 0.0912779 0.0745648
1 0.0458738 0.244522 0.0917476 0.268916
1 0.1643 0.799455 0.269703 0.313894
1 0.695943 0.117053 0.195466 0.234106
