1 0.710833 0.517704 0.219859 0.31994
1 0.882381 0.447335 0.211197 0.285561
1 0.823455 0.76676 0.206899 0.272088
1 0.936697 0.777369 0.126606 0.264556
1 0.33641 0.892677 0.172766 0.211757
1 0.49198 0.900727 0.202925 0.196084
1 0.637448 0.698585 0.217312 0.26397
2 0.493733 0.346846 0.385041 0.495974
1 0.201381 0.371821 0.190108 0.256894
1 0.240074 0.76343 0.213345 0.271162
0 0.762229 0.300719 0.0828031 0.109948
0 0.260459 0.458927 0.0713937 0.0853344
0 0.261601 0.527622 0.0713847 0.0836759
1 0.306248 0.217337 0.197403 0.262891
1 0.965186 0.543841 0.069498 0.259795
1 0.735735 0.111404 0.195741 0.220831
