1 0.521175 0.742575 0.221307 0.288981
1 0.280684 0.646784 0.199787 0.261839
1 0.897308 0.315504 0.205383 0.266304
1 0.703816 0.481575 0.200459 0.271134
1 0.81063 0.82784 0.20099 0.294036
1 0.476239 0.52937 0.22175 0.25888
1 0.724263 0.243982 0.187219 0.25562
1 0.233561 0.356216 0.189445 0.253037
1 0.833278 0.58045 0.169408 0.24325
1 0.139554 0.332969 0.202227 0.261323
0 0.704157 0.783045 0.0890979 0.11422
1 0.937592 0.824472 0.124307 0.2494
1 0.0657923 0.49529 0.128425 0.269281
0 0.975545 0.180793 0.0485217 0.106745
2 0.49916 0.263477 0.381337 0.470108
1 0.506774 0.894616 0.207497 0.20786
1 0.977107 0.560681 0.0457865 0.336403
