1 0.759493 0.747461 0.190283 0.249051
1 0.216922 0.380474 0.180291 0.258657
1 0.336516 0.55337 0.221984 0.32985
1 0.282856 0.795364 0.235048 0.274997
1 0.496858 0.163051 0.194647 0.259918
1 0.930059 0.785962 0.139576 0.221611
1 0.257824 0.268656 0.197021 0.227514
0 0.640397 0.346973 0.143488 0.189233
1 0.109346 0.228512 0.13826 0.235855
2 0.677476 0.428246 0.348125 0.524819
1 0.197961 0.0947445 0.202834 0.189489
0 0.73827 0.536946 0.145628 0.193683
1 0.879029 0.662085 0.167207 0.291478
1 0.912961 0.291347 0.172652 0.229275
