1 0.713933 0.714916 0.210482 0.276533
1 0.807258 0.118783 0.206346 0.237566
1 0.911286 0.356183 0.177428 0.258073
1 0.397233 0.139395 0.188787 0.272596
1 0.468089 0.725454 0.257755 0.278482
1 0.937088 0.158044 0.125824 0.27204
1 0.561391 0.119096 0.204288 0.238193
1 0.150836 0.315482 0.187818 0.246865
1 0.122361 0.534869 0.158387 0.248122
1 0.267147 0.79819 0.213082 0.25588
2 0.525199 0.452885 0.354708 0.496462
0 0.441199 0.376186 0.119197 0.172891
1 0.2433 0.310489 0.204505 0.279567
0 0.567892 0.336962 0.116738 0.150695
