1 0.690845 0.455502 0.193511 0.250487
1 0.691169 0.258266 0.231 0.304663
1 0.170178 0.846988 0.201312 0.28036
2 0.443062 0.516452 0.361796 0.476665
1 0.771467 0.607471 0.213346 0.26406
1 0.102416 0.489169 0.204832 0.304174
1 0.324319 0.198891 0.235225 0.285435
1 0.812952 0.788637 0.179727 0.207807
1 0.555078 0.79667 0.180381 0.251667
1 0.069661 0.743307 0.135675 0.243241
0 0.349602 0.456682 0.116337 0.159915
1 0.223537 0.540843 0.184797 0.235399
0 0.809562 0.415499 0.0862998 0.103235
1 0.819599 0.0793213 0.214926 0.158643
1 0.884758 0.208461 0.176394 0.304833
