1 0.391139 0.691292 0.19201 0.241643
1 0.764498 0.899634 0.198914 0.198977
1 0.0688451 0.511531 0.137295 0.25889
0 0.576111 0.373769 0.131328 0.185993
1 0.284623 0.52436 0.229861 0.269327
1 0.251939 0.210769 0.187269 0.270783
1 0.0588158 0.737679 0.11758 0.258548
1 0.740835 0.383675 0.245792 0.302874
1 0.290061 0.856258 0.225236 0.281716
1 0.576697 0.893639 0.171156 0.208156
1 0.573025 0.654641 0.209243 0.29328
1 0.724237 0.676009 0.199261 0.279782
2 0.496442 0.276719 0.376858 0.494848
0 0.134795 0.729694 0.0722028 0.0822149
0 0.382088 0.211503 0.117578 0.17105
