1 0.375634 0.461485 0.196618 0.243638
1 0.225592 0.35659 0.213344 0.266253
1 0.386626 0.825142 0.213589 0.286464
1 0.834442 0.57486 0.177145 0.243988
1 0.733373 0.396558 0.188739 0.253165
1 0.304039 0.229696 0.206312 0.248403
1 0.718519 0.143659 0.21788 0.287319
1 0.440117 0.623005 0.177337 0.241693
1 0.894392 0.410845 0.211216 0.289746
2 0.626756 0.699783 0.408254 0.471024
1 0.943538 0.638382 0.112128 0.288093
1 0.462827 0.275001 0.177222 0.225018
1 0.171242 0.729344 0.180429 0.28225
0 0.516236 0.755871 0.13591 0.197903
1 0.866479 0.219308 0.198971 0.237583
1 0.548248 0.110254 0.172934 0.220507
0 0.622602 0.783365 0.124052 0.159444
0 0.686913 0.661963 0.151385 0.184417
