1 0.121987 0.6027 0.203149 0.279781
1 0.573779 0.700772 0.200955 0.26143
1 0.765683 0.723157 0.211069 0.267143
1 0.28473 0.849821 0.207103 0.260178
1 0.72696 0.480413 0.205977 0.271532
1 0.497118 0.888553 0.183754 0.222686
2 0.423542 0.294894 0.417104 0.56171
1 0.263036 0.535279 0.186853 0.265833
1 0.177157 0.157364 0.19541 0.261064
0 0.856385 0.517482 0.127232 0.16781
1 0.402907 0.722089 0.188556 0.245155
0 0.837933 0.157636 0.078327 0.0990214
1 0.74532 0.242304 0.203519 0.269166
1 0.0474803 0.718115 0.0949607 0.248483
1 0.0713938 0.260065 0.142788 0.294105
0 0.532582 0.354955 0.131197 0.171031
1 0.923924 0.9019 0.143118 0.191277
