1 0.25132 0.569362 0.271681 0.321835
2 0.625332 0.372778 0.344366 0.45723
1 0.65634 0.671013 0.25836 0.273801
1 0.31116 0.770399 0.179749 0.254368
1 0.795647 0.794169 0.205614 0.310392
1 0.243811 0.913527 0.213443 0.168764
1 0.930993 0.586976 0.138013 0.387618
1 0.955461 0.854255 0.0890391 0.249208
1 0.160683 0.239967 0.229571 0.294005
1 0.67594 0.870275 0.240351 0.25407
1 0.913899 0.214884 0.172202 0.30446
1 0.143092 0.749999 0.221655 0.309099
1 0.40396 0.427074 0.222404 0.32383
0 0.520973 0.531977 0.069733 0.0905009
