1 0.193723 0.792898 0.210205 0.284882
1 0.0812256 0.171367 0.159922 0.313155
1 0.606176 0.569561 0.195049 0.249617
1 0.609026 0.389071 0.208661 0.264766
1 0.842011 0.562239 0.186907 0.247213
1 0.16283 0.594932 0.170763 0.23759
0 0.368043 0.360526 0.138611 0.161106
0 0.368413 0.178963 0.157021 0.195615
1 0.0532872 0.766848 0.106282 0.236153
1 0.677187 0.884594 0.190917 0.225734
0 0.276102 0.168102 0.106941 0.137694
0 0.237827 0.280756 0.119448 0.159019
2 0.320185 0.263537 0.359883 0.451852
1 0.131442 0.386429 0.174353 0.238272
1 0.0646636 0.499597 0.129327 0.271233
