1 0.647567 0.644834 0.210957 0.286411
1 0.338845 0.252393 0.195831 0.274539
1 0.164961 0.449508 0.183271 0.279823
1 0.559442 0.345316 0.201638 0.269927
1 0.216668 0.688196 0.192903 0.267797
1 0.743255 0.297264 0.230241 0.294275
1 0.909293 0.578421 0.181414 0.246247
1 0.765219 0.451625 0.194407 0.239777
1 0.488769 0.7311 0.188299 0.246865
1 0.392568 0.708804 0.201279 0.260641
1 0.952084 0.75215 0.0957629 0.298943
1 0.967523 0.409917 0.0649282 0.304521
1 0.624851 0.111099 0.186302 0.219778
0 0.670186 0.815622 0.114246 0.132293
1 0.921304 0.910193 0.156442 0.176171
2 0.716631 0.850233 0.375908 0.297084
