1 0.671996 0.753266 0.224864 0.291623
1 0.223143 0.550013 0.250928 0.315264
1 0.665317 0.48372 0.249412 0.295325
1 0.337839 0.37554 0.187826 0.229633
1 0.315685 0.870287 0.187927 0.250217
1 0.0994735 0.355641 0.196549 0.248737
1 0.362317 0.194608 0.229056 0.255736
1 0.504853 0.706721 0.210613 0.24885
1 0.0791444 0.724243 0.158289 0.258344
1 0.444376 0.57621 0.189586 0.224652
1 0.268837 0.710526 0.209042 0.257794
0 0.859823 0.259007 0.103254 0.144408
1 0.45889 0.89278 0.191478 0.213034
0 0.805382 0.0575003 0.137645 0.115001
1 0.789237 0.435804 0.197553 0.237209
1 0.0473321 0.907015 0.0946641 0.181119
