1 0.324691 0.612093 0.21542 0.273101
1 0.357221 0.817739 0.202338 0.237341
1 0.942561 0.636038 0.114878 0.331782
1 0.938157 0.204601 0.123685 0.322837
1 0.374185 0.409774 0.185003 0.247797
1 0.877086 0.855432 0.181407 0.261858
1 0.20147 0.0989768 0.206641 0.197954
1 0.592887 0.400368 0.212604 0.247772
1 0.756114 0.272907 0.179585 0.24026
1 0.177262 0.462176 0.186173 0.28334
1 0.470045 0.220778 0.215223 0.277816
2 0.667617 0.706675 0.372303 0.515159
1 0.603442 0.177813 0.194634 0.245009
1 0.840268 0.0934574 0.187989 0.186449
