1 0.783639 0.308453 0.180444 0.248415
1 0.848211 0.652531 0.204965 0.245985
1 0.218093 0.773102 0.221744 0.282861
1 0.350585 0.607106 0.201865 0.244578
1 0.128473 0.428777 0.195412 0.288694
1 0.713651 0.792267 0.221754 0.302084
1 0.701004 0.525601 0.184305 0.253877
0 0.560449 0.179704 0.114456 0.162556
1 0.329877 0.234951 0.215565 0.29477
1 0.302921 0.861021 0.211321 0.262363
1 0.55363 0.883712 0.176315 0.22928
0 0.46117 0.232491 0.125104 0.176757
2 0.576721 0.255983 0.415811 0.473881
1 0.39808 0.421144 0.184774 0.223072
1 0.960721 0.722842 0.078508 0.273092
0 0.632659 0.279481 0.158095 0.193044
1 0.91116 0.201133 0.17768 0.244525
1 0.944624 0.846132 0.110751 0.247362
1 0.884435 0.429594 0.226906 0.278827
1 0.452791 0.758284 0.175826 0.24039
