1 0.289764 0.477277 0.205104 0.289431
1 0.639157 0.644883 0.212139 0.305535
1 0.947279 0.51765 0.10443 0.265682
1 0.50901 0.416911 0.207303 0.277505
1 0.147202 0.787512 0.201681 0.300222
1 0.889995 0.408862 0.209148 0.256906
1 0.692566 0.276697 0.242089 0.321313
1 0.722093 0.382675 0.190325 0.261962
1 0.232593 0.918777 0.191445 0.159353
1 0.932285 0.17039 0.13543 0.267404
0 0.68959 0.802034 0.134311 0.138032
1 0.538315 0.133053 0.193593 0.25452
1 0.929724 0.736621 0.140166 0.259114
1 0.0945562 0.597843 0.14638 0.239486
