1 0.645881 0.28484 0.217736 0.273865
1 0.287392 0.356503 0.183718 0.239219
1 0.461304 0.339063 0.199863 0.262928
1 0.188342 0.559188 0.185687 0.266696
0 0.781964 0.456813 0.137917 0.179827
1 0.186885 0.900426 0.196855 0.19533
1 0.662625 0.518091 0.21098 0.259535
2 0.400452 0.738068 0.404742 0.523865
1 0.0690726 0.518714 0.138111 0.277797
1 0.138892 0.256322 0.201772 0.259063
1 0.339185 0.167666 0.189825 0.248495
0 0.841865 0.800399 0.0751742 0.0986023
1 0.735249 0.739988 0.195116 0.263577
1 0.0631337 0.854505 0.125882 0.276213
0 0.494613 0.667181 0.134196 0.182716
