1 0.741904 0.529684 0.224516 0.282979
1 0.117269 0.712788 0.227 0.309788
1 0.567439 0.566526 0.202979 0.277575
1 0.481008 0.747984 0.192874 0.251454
1 0.0557701 0.886936 0.11154 0.222212
1 0.0503385 0.422176 0.100677 0.28906
0 0.374899 0.182377 0.110325 0.15167
1 0.818569 0.304349 0.187942 0.290803
2 0.421079 0.17064 0.334683 0.341279
1 0.28987 0.759875 0.203865 0.257913
1 0.337112 0.444082 0.184971 0.261099
1 0.0285608 0.650159 0.0571216 0.288506
1 0.198006 0.365094 0.188289 0.239794
1 0.730033 0.772202 0.166738 0.201904
