1 0.325852 0.674504 0.213335 0.256936
1 0.222803 0.316705 0.175639 0.293418
1 0.285196 0.908377 0.175951 0.177037
1 0.486866 0.129772 0.177205 0.216452
1 0.581778 0.812111 0.194326 0.254781
1 0.13923 0.567681 0.157274 0.232199
1 0.482874 0.297477 0.19127 0.252401
1 0.73306 0.631881 0.190484 0.268269
1 0.954613 0.213102 0.090774 0.295715
1 0.954323 0.554952 0.0913549 0.32612
1 0.947882 0.368336 0.104187 0.23297
1 0.211626 0.759229 0.183053 0.265159
1 0.857665 0.429575 0.178198 0.234518
1 0.142065 0.86556 0.174693 0.258737
1 0.782151 0.800335 0.246483 0.279397
