1 0.174039 0.571423 0.251667 0.264453
1 0.272448 0.36605 0.195907 0.23465
1 0.788168 0.235478 0.237624 0.272962
1 0.617649 0.289607 0.210894 0.277615
1 0.168323 0.784979 0.222369 0.27905
1 0.261827 0.153708 0.20521 0.248033
1 0.0812207 0.898401 0.161867 0.200847
0 0.501474 0.493824 0.151849 0.189176
2 0.466841 0.59318 0.417159 0.50848
1 0.402071 0.869942 0.201899 0.255275
1 0.846879 0.53675 0.206917 0.281219
1 0.0372892 0.577777 0.0745784 0.264124
1 0.0822659 0.366407 0.163909 0.254104
1 0.756008 0.576018 0.193567 0.271571
1 0.485414 0.309496 0.204075 0.244794
0 0.34858 0.505997 0.12939 0.160966
0 0.72414 0.886006 0.0912161 0.104609
