1 0.881946 0.862077 0.209568 0.251913
1 0.565781 0.238408 0.221214 0.292446
1 0.294754 0.377831 0.208701 0.278292
1 0.835323 0.165153 0.201885 0.252088
1 0.2438 0.882282 0.215362 0.235437
1 0.902205 0.648422 0.185075 0.242769
1 0.455612 0.482878 0.204255 0.232597
0 0.108788 0.598002 0.110651 0.157628
2 0.73669 0.495097 0.360533 0.455498
1 0.880174 0.349817 0.158043 0.228169
1 0.4107 0.729892 0.244444 0.337368
0 0.788245 0.407024 0.133902 0.157526
0 0.634242 0.416631 0.114272 0.142192
0 0.818627 0.53581 0.119389 0.150493
