1 0.171788 0.503566 0.219607 0.275445
1 0.226776 0.70058 0.189783 0.254408
2 0.604859 0.641609 0.367977 0.537065
1 0.319928 0.873957 0.229041 0.252086
1 0.378253 0.698523 0.202555 0.261585
1 0.831823 0.697985 0.247534 0.309834
1 0.388076 0.35843 0.211847 0.314713
1 0.561383 0.322986 0.200296 0.284585
1 0.927595 0.384511 0.14481 0.291741
1 0.277994 0.226184 0.190563 0.254742
1 0.671364 0.234055 0.23891 0.339448
1 0.935835 0.235643 0.128331 0.239497
1 0.933745 0.120186 0.132511 0.240372
1 0.973748 0.576327 0.052392 0.282388
