1 0.724645 0.191842 0.232728 0.306403
1 0.535554 0.644688 0.212314 0.284509
1 0.764933 0.414692 0.204399 0.288472
1 0.252979 0.525744 0.183821 0.228684
0 0.430008 0.198213 0.116589 0.156508
0 0.462671 0.39406 0.156875 0.168498
1 0.223462 0.754829 0.245996 0.34816
0 0.450407 0.373557 0.153223 0.194408
1 0.308961 0.391945 0.193855 0.2416
2 0.510143 0.260227 0.344441 0.408784
1 0.111399 0.278021 0.213219 0.229447
0 0.421703 0.197346 0.0887952 0.142204
2 0.570016 0.243501 0.222211 0.35293
1 0.411443 0.765259 0.207956 0.273579
