1 0.61105 0.77959 0.210579 0.256542
1 0.227758 0.768066 0.205315 0.263664
2 0.579907 0.443503 0.381118 0.512169
0 0.256871 0.482853 0.0753706 0.103152
1 0.160059 0.188915 0.206128 0.266356
1 0.378227 0.76607 0.183594 0.243932
1 0.145188 0.538635 0.240084 0.325649
1 0.913053 0.575381 0.173894 0.294943
0 0.629746 0.553822 0.141995 0.18341
1 0.960601 0.470277 0.0783991 0.282877
1 0.32561 0.332188 0.199334 0.270044
1 0.954054 0.749486 0.0918917 0.232492
0 0.499977 0.469081 0.103419 0.133109
0 0.681053 0.446294 0.105499 0.130077
1 0.84556 0.769363 0.179721 0.211858
1 0.0394507 0.146382 0.0789014 0.239847
