1 0.125806 0.601724 0.235898 0.32601
1 0.518492 0.20439 0.204075 0.277445
1 0.731204 0.12206 0.228077 0.24412
1 0.154512 0.196106 0.187186 0.240062
0 0.243504 0.806528 0.0895544 0.116134
0 0.515542 0.564662 0.0768024 0.107409
0 0.301238 0.585706 0.0849123 0.10173
0 0.609071 0.661592 0.135573 0.157251
1 0.250332 0.352555 0.218303 0.279333
1 0.787896 0.507288 0.204979 0.294046
2 0.588559 0.736528 0.269577 0.344535
1 0.400424 0.615279 0.167419 0.240155
1 0.631737 0.345164 0.204733 0.290185
1 0.027376 0.51105 0.0546967 0.303834
