1 0.904242 0.674067 0.191515 0.288453
1 0.801145 0.183699 0.233362 0.281507
1 0.717703 0.68293 0.190859 0.240796
1 0.919597 0.414928 0.160806 0.281256
1 0.549825 0.573873 0.186519 0.298155
1 0.129383 0.644973 0.184448 0.241404
1 0.109334 0.413138 0.172018 0.255294
1 0.410302 0.346593 0.210158 0.263969
1 0.74601 0.479098 0.196564 0.235486
1 0.274138 0.195162 0.187636 0.224264
0 0.657703 0.832355 0.154531 0.205725
1 0.616436 0.307606 0.223888 0.284006
1 0.93868 0.901785 0.12264 0.195545
1 0.955156 0.128888 0.08968 0.23626
