1 0.234264 0.707819 0.186073 0.272272
1 0.828182 0.582926 0.170532 0.22421
1 0.259464 0.263764 0.232553 0.302415
1 0.692817 0.631229 0.175687 0.229918
1 0.113444 0.872093 0.198327 0.250804
1 0.792036 0.267642 0.229895 0.271531
2 0.440022 0.756191 0.34101 0.461264
1 0.269073 0.491753 0.177538 0.254084
0 0.405154 0.843048 0.117235 0.160153
1 0.0753538 0.474419 0.148869 0.276791
0 0.371507 0.716648 0.109375 0.132303
1 0.764284 0.858592 0.198483 0.241337
1 0.604739 0.286215 0.200073 0.263831
0 0.0230315 0.636432 0.046055 0.0808948
0 0.507697 0.713065 0.135277 0.175206
0 0.523316 0.710653 0.10184 0.161596
