1 0.883059 0.713782 0.212191 0.273534
1 0.615913 0.644904 0.206152 0.311327
1 0.693559 0.269147 0.195465 0.253805
1 0.717023 0.860624 0.193453 0.264688
1 0.141859 0.578016 0.221744 0.297865
1 0.853532 0.489171 0.18153 0.250705
1 0.380579 0.900203 0.223631 0.1946
2 0.400514 0.525543 0.382499 0.540276
1 0.259968 0.261358 0.186667 0.232675
1 0.924462 0.870784 0.150641 0.191423
1 0.0827689 0.33931 0.139351 0.272763
1 0.461946 0.169527 0.212282 0.258374
0 0.303978 0.526803 0.131808 0.178327
1 0.96068 0.479842 0.0785465 0.261593
1 0.952809 0.313185 0.094382 0.331547
