1 0.574495 0.646072 0.225521 0.300374
1 0.199261 0.551633 0.20184 0.242623
1 0.618797 0.159812 0.182733 0.250567
1 0.704831 0.47353 0.204184 0.249533
0 0.288911 0.158564 0.127334 0.192193
1 0.548243 0.387231 0.187434 0.255974
1 0.421214 0.777639 0.174351 0.247882
1 0.167201 0.808482 0.208309 0.254286
1 0.0930795 0.745733 0.18566 0.290176
0 0.38324 0.0809022 0.10952 0.127953
1 0.73162 0.255267 0.222835 0.256871
1 0.852105 0.629932 0.199664 0.242355
1 0.15536 0.182379 0.214329 0.297073
1 0.312548 0.669195 0.178345 0.248208
1 0.867141 0.502406 0.175137 0.243898
0 0.463675 0.159687 0.148431 0.195934
1 0.237677 0.353374 0.177967 0.219162
1 0.752654 0.071095 0.203031 0.14219
0 0.292059 0.140673 0.121975 0.139784
2 0.389099 0.185848 0.43229 0.371697
1 0.0298804 0.426969 0.0597608 0.305492
