1 0.325798 0.403585 0.194002 0.259947
1 0.456194 0.70739 0.192176 0.257921
1 0.564761 0.378305 0.197599 0.270564
1 0.217927 0.395374 0.215477 0.285602
1 0.40112 0.174749 0.229608 0.298374
1 0.614181 0.596243 0.197586 0.245099
1 0.220247 0.881516 0.197614 0.225601
1 0.678119 0.163436 0.18622 0.263526
1 0.0875667 0.574345 0.172411 0.268759
1 0.898557 0.305096 0.190063 0.27573
1 0.273228 0.626559 0.207872 0.226167
1 0.886466 0.120402 0.188097 0.240804
0 0.74355 0.705512 0.113575 0.175778
1 0.142465 0.181821 0.212462 0.266735
1 0.0381547 0.399118 0.0762998 0.278864
1 0.965883 0.428329 0.0679482 0.316064
1 0.570925 0.165779 0.214733 0.263013
2 0.825738 0.626114 0.338397 0.453381
1 0.822593 0.339683 0.177977 0.249907
