1 0.538657 0.763181 0.239972 0.273073
1 0.531037 0.538227 0.19428 0.251603
1 0.384809 0.479694 0.212636 0.260975
1 0.238802 0.561182 0.234374 0.262891
1 0.285699 0.736081 0.208503 0.275893
1 0.122469 0.282 0.183267 0.288047
1 0.308679 0.225571 0.217438 0.311635
1 0.194565 0.0977446 0.186631 0.194835
1 0.722176 0.532031 0.209471 0.292555
0 0.466611 0.0437812 0.102771 0.0868121
1 0.641738 0.908508 0.207902 0.181307
1 0.752461 0.280402 0.245789 0.244129
0 0.489056 0.894697 0.0908204 0.11264
1 0.0574015 0.466642 0.114803 0.281453
