1 0.164673 0.204247 0.179136 0.243693
1 0.582766 0.197218 0.18193 0.260581
1 0.753161 0.251854 0.207391 0.274257
1 0.764717 0.847405 0.195027 0.27108
1 0.138847 0.582721 0.199596 0.284744
1 0.317564 0.678634 0.199698 0.251866
2 0.386472 0.294393 0.381966 0.492094
1 0.609185 0.689804 0.249478 0.305821
1 0.875882 0.644022 0.195897 0.248516
1 0.0633224 0.744527 0.125987 0.277077
1 0.464238 0.54439 0.210886 0.270428
1 0.426156 0.688331 0.191601 0.237376
1 0.380157 0.899177 0.210533 0.198155
1 0.790518 0.645139 0.183041 0.244209
1 0.65292 0.923122 0.176018 0.150667
