1 0.10523 0.44892 0.209168 0.27347
1 0.284881 0.788675 0.203353 0.26054
1 0.208605 0.912452 0.202633 0.171038
1 0.343193 0.442969 0.216917 0.29777
0 0.667671 0.586131 0.142264 0.19866
1 0.82612 0.36913 0.21638 0.222733
1 0.71914 0.888831 0.192608 0.222338
1 0.142469 0.641265 0.188122 0.236001
1 0.945457 0.714313 0.109087 0.329693
1 0.824127 0.656424 0.196756 0.255624
1 0.880544 0.526772 0.213999 0.2308
2 0.571332 0.570535 0.38773 0.518167
1 0.556747 0.283534 0.209073 0.256909
1 0.796339 0.145807 0.211685 0.287557
0 0.524735 0.502121 0.134824 0.170309
1 0.53777 0.891349 0.223125 0.215418
1 0.332853 0.569674 0.200947 0.244408
0 0.496464 0.643573 0.138635 0.187621
