1 0.749881 0.345227 0.234135 0.29764
1 0.723459 0.548023 0.19761 0.259409
1 0.784637 0.715458 0.217359 0.264738
1 0.929184 0.3142 0.141631 0.332962
2 0.475339 0.576729 0.351405 0.476706
1 0.167373 0.872932 0.198399 0.254136
1 0.402349 0.247066 0.237975 0.285661
0 0.847602 0.522291 0.0876434 0.101224
0 0.391784 0.51029 0.116664 0.167207
1 0.255626 0.584024 0.183146 0.222024
1 0.134719 0.513437 0.231069 0.300293
1 0.544995 0.873219 0.183333 0.24527
1 0.798289 0.896414 0.185523 0.199421
1 0.185629 0.32842 0.190316 0.228689
1 0.0806843 0.767573 0.131938 0.248151
