1 0.77668 0.644084 0.260144 0.301584
1 0.718612 0.279918 0.188088 0.253438
1 0.930251 0.574579 0.139498 0.277481
1 0.340941 0.434255 0.258444 0.315228
1 0.749099 0.462078 0.209711 0.252563
1 0.613287 0.880717 0.239319 0.238566
1 0.888443 0.887884 0.216897 0.224233
1 0.356207 0.179254 0.220925 0.283276
0 0.163224 0.77037 0.140244 0.169245
0 0.128653 0.517551 0.091708 0.164971
1 0.561994 0.469089 0.194312 0.232286
1 0.821669 0.180466 0.183294 0.231953
1 0.51695 0.305571 0.206677 0.231888
1 0.651717 0.741829 0.189836 0.229447
0 0.214285 0.597839 0.128023 0.151756
1 0.909931 0.200274 0.180138 0.242807
1 0.97491 0.399592 0.0501053 0.280899
