1 0.446338 0.887846 0.19985 0.223727
1 0.305628 0.777447 0.174818 0.243628
1 0.903198 0.665583 0.193603 0.277588
1 0.737055 0.634992 0.209073 0.316116
1 0.632725 0.760149 0.211319 0.289861
1 0.241795 0.594365 0.208608 0.261387
1 0.854531 0.249237 0.193723 0.285537
2 0.579333 0.355009 0.370778 0.485954
0 0.831495 0.460185 0.0892383 0.120643
1 0.7892 0.900855 0.207262 0.195024
0 0.653289 0.396968 0.126976 0.179667
1 0.962876 0.831406 0.0742076 0.290593
1 0.469463 0.659099 0.203514 0.252962
0 0.316914 0.384586 0.0705307 0.0826804
1 0.29549 0.210291 0.196587 0.273977
0 0.330113 0.318528 0.0710572 0.0868084
