1 0.880205 0.384314 0.217025 0.296472
1 0.704597 0.611177 0.202833 0.272077
1 0.722141 0.393127 0.200434 0.259452
1 0.782304 0.900866 0.178908 0.194092
1 0.387172 0.396075 0.210929 0.259027
1 0.240048 0.716624 0.194734 0.295462
1 0.0884885 0.755625 0.176977 0.246538
1 0.1623 0.306211 0.1821 0.232638
1 0.607632 0.415199 0.171532 0.263488
1 0.632653 0.843641 0.204827 0.243137
1 0.817141 0.171413 0.192322 0.259069
1 0.159432 0.108085 0.203782 0.216169
1 0.575695 0.18443 0.183746 0.241951
1 0.0997111 0.619982 0.193235 0.251963
1 0.0538127 0.274871 0.107209 0.270522
1 0.422324 0.205745 0.221881 0.244774
1 0.433825 0.602661 0.216265 0.272526
1 0.369855 0.591724 0.193651 0.280253
2 0.405631 0.830821 0.347813 0.33353
