1 0.723754 0.456586 0.181278 0.263943
1 0.260006 0.336149 0.202444 0.256823
2 0.172451 0.778398 0.344901 0.443204
1 0.707016 0.211379 0.211293 0.275694
1 0.543111 0.305558 0.202178 0.251521
1 0.86883 0.400527 0.182248 0.261302
1 0.652783 0.894005 0.177756 0.210322
1 0.588232 0.542323 0.165037 0.253848
1 0.913635 0.133705 0.17273 0.260053
1 0.524563 0.725313 0.191477 0.236318
1 0.740945 0.680413 0.186223 0.235508
1 0.489167 0.909215 0.194281 0.17835
1 0.062052 0.454043 0.124011 0.266657
1 0.0375013 0.681005 0.0750025 0.251764
0 0.511848 0.558247 0.0678489 0.0985264
1 0.851797 0.852568 0.208064 0.222954
1 0.41784 0.192409 0.202325 0.229444
1 0.028976 0.869188 0.0579521 0.261624
