1 0.701679 0.303736 0.162561 0.217718
1 0.332153 0.745903 0.202529 0.262811
1 0.337789 0.515068 0.210302 0.293885
1 0.10966 0.4733 0.21144 0.298871
1 0.233726 0.300821 0.194266 0.23496
1 0.608752 0.831971 0.202974 0.263953
0 0.571282 0.431178 0.118972 0.145688
2 0.487999 0.219424 0.397082 0.438847
1 0.794736 0.167231 0.164141 0.226878
1 0.802575 0.47486 0.1665 0.250577
0 0.441228 0.143729 0.108103 0.179897
1 0.716823 0.609409 0.233063 0.266552
1 0.104735 0.714073 0.209135 0.330299
0 0.508394 0.0792529 0.115595 0.134364
1 0.536581 0.650519 0.211602 0.289917
0 0.393555 0.917611 0.0808035 0.0846671
1 0.20364 0.820215 0.199383 0.233343
1 0.0689522 0.103002 0.137904 0.204687
