1 0.249173 0.825438 0.221905 0.272423
1 0.117558 0.465892 0.206967 0.247496
1 0.131211 0.707467 0.228534 0.306836
1 0.703839 0.853001 0.211048 0.275457
1 0.779953 0.367369 0.195587 0.260746
1 0.302188 0.60321 0.219106 0.260457
1 0.614049 0.72492 0.190772 0.266066
1 0.221684 0.282938 0.166321 0.235153
2 0.509708 0.251697 0.338006 0.447247
1 0.798601 0.591149 0.194581 0.24552
1 0.444336 0.770774 0.202571 0.256279
1 0.715839 0.538197 0.192099 0.252412
1 0.748757 0.169591 0.191058 0.196398
1 0.432384 0.911028 0.197113 0.173071
0 0.432287 0.303691 0.110178 0.171507
