1 0.737867 0.650429 0.191493 0.258315
1 0.796693 0.407825 0.198857 0.249518
1 0.553584 0.603418 0.246376 0.325013
1 0.270451 0.768651 0.208466 0.270879
1 0.0924648 0.785086 0.18493 0.29004
1 0.383348 0.558296 0.206439 0.286361
2 0.252763 0.365535 0.373403 0.478916
1 0.420747 0.1724 0.180047 0.250205
1 0.472614 0.342638 0.194817 0.272596
1 0.85489 0.758863 0.160373 0.233038
1 0.592573 0.131249 0.204756 0.250116
1 0.659267 0.845876 0.188518 0.26618
1 0.376212 0.714849 0.203081 0.244071
1 0.0526783 0.92775 0.104846 0.140056
