1 0.685903 0.70778 0.205575 0.271731
1 0.693245 0.485342 0.199481 0.26395
1 0.357973 0.40262 0.210775 0.263857
1 0.854161 0.523269 0.220565 0.296289
1 0.626735 0.895808 0.208195 0.20747
1 0.124118 0.254727 0.182394 0.230734
1 0.582051 0.483129 0.17308 0.269801
1 0.781888 0.290937 0.188531 0.256895
1 0.217259 0.689822 0.195923 0.296065
1 0.0793589 0.685306 0.158492 0.254336
1 0.387286 0.22284 0.231347 0.252892
1 0.537592 0.241054 0.189504 0.250753
1 0.0325709 0.18436 0.0651091 0.284373
1 0.110327 0.0860432 0.19507 0.169094
1 0.0852865 0.557813 0.170573 0.259016
1 0.345632 0.593341 0.187825 0.286323
0 0.465335 0.875142 0.0824344 0.123101
2 0.396894 0.839477 0.347768 0.316607
