1 0.271363 0.706415 0.208726 0.29747
1 0.432156 0.611476 0.200683 0.276848
1 0.875328 0.377364 0.223975 0.307409
1 0.566406 0.695451 0.180395 0.273411
2 0.381144 0.167871 0.351033 0.335221
1 0.872726 0.0974933 0.182695 0.194637
1 0.594567 0.314407 0.174736 0.240268
1 0.126731 0.594301 0.166234 0.287142
0 0.465788 0.145432 0.100557 0.171233
1 0.942746 0.226696 0.114478 0.263883
1 0.730348 0.604055 0.227517 0.359829
1 0.966688 0.47205 0.066624 0.303104
1 0.364114 0.903564 0.171785 0.181444
1 0.926931 0.612001 0.146138 0.279124
