1 0.638512 0.650257 0.2094 0.270722
1 0.535824 0.450046 0.18346 0.253287
1 0.852321 0.606983 0.194515 0.274785
1 0.924833 0.583109 0.1493 0.285778
1 0.659425 0.315387 0.15144 0.316527
1 0.858689 0.380177 0.18608 0.246069
1 0.0847989 0.274191 0.169598 0.278616
1 0.389615 0.388387 0.200429 0.248205
1 0.795 0.225697 0.170895 0.219998
0 0.463404 0.791699 0.115616 0.140364
1 0.19035 0.400173 0.19352 0.274282
0 0.4709 0.677977 0.141573 0.15122
1 0.246034 0.437549 0.185909 0.237741
1 0.307433 0.18877 0.219382 0.296331
1 0.188296 0.707308 0.189088 0.273443
1 0.36507 0.171388 0.233604 0.282334
1 0.680684 0.0893091 0.19379 0.177882
