1 0.311078 0.41061 0.184537 0.277743
1 0.588565 0.770128 0.200064 0.269877
1 0.304077 0.159585 0.202769 0.270723
1 0.167075 0.43533 0.183983 0.253002
1 0.527543 0.560582 0.19296 0.243114
2 0.851519 0.444232 0.295987 0.529741
1 0.420705 0.807021 0.180454 0.234601
1 0.468827 0.169662 0.200522 0.248081
1 0.316958 0.64107 0.193931 0.226
1 0.0897856 0.198446 0.178743 0.274153
1 0.223655 0.86765 0.221045 0.225433
1 0.44952 0.421091 0.172028 0.264877
1 0.142855 0.689632 0.170155 0.274024
0 0.520931 0.391083 0.0733635 0.0952139
1 0.979121 0.252477 0.041683 0.321241
