1 0.358432 0.527301 0.193126 0.2666
2 0.83919 0.198922 0.321619 0.343052
1 0.85463 0.471369 0.282906 0.386681
1 0.0972543 0.916829 0.19028 0.162952
1 0.0531629 0.788635 0.106326 0.286289
1 0.261603 0.594462 0.21194 0.282826
0 0.136633 0.6427 0.0770062 0.0936703
1 0.634788 0.649961 0.256196 0.309021
1 0.45552 0.882942 0.201441 0.227781
0 0.782081 0.160651 0.128091 0.156772
1 0.17788 0.206204 0.176916 0.274197
1 0.611068 0.896079 0.232075 0.204613
1 0.626533 0.37546 0.226307 0.279438
1 0.759015 0.767707 0.240093 0.281903
1 0.30286 0.91581 0.193068 0.165071
