1 0.164873 0.700365 0.208444 0.264475
1 0.545211 0.278754 0.22616 0.296877
1 0.257846 0.190459 0.202953 0.290655
1 0.362006 0.534467 0.197899 0.273058
1 0.591525 0.491555 0.215366 0.262497
1 0.102696 0.183918 0.178597 0.254866
1 0.787476 0.372831 0.196778 0.260233
1 0.232961 0.435991 0.17153 0.2395
1 0.338409 0.775119 0.184168 0.256572
1 0.833071 0.658829 0.18503 0.257416
1 0.907388 0.686296 0.185224 0.271186
1 0.971021 0.536126 0.0579372 0.310127
2 0.566429 0.746898 0.352187 0.457875
1 0.151062 0.912173 0.181451 0.17265
0 0.359424 0.231114 0.0863851 0.109845
