1 0.414215 0.540485 0.197419 0.271934
1 0.573352 0.885682 0.191029 0.223342
1 0.859792 0.761689 0.229053 0.280896
1 0.656754 0.380608 0.213201 0.259267
0 0.211451 0.658482 0.0765978 0.0894428
1 0.175862 0.227151 0.177855 0.274539
1 0.737667 0.899935 0.221425 0.195294
2 0.835316 0.202305 0.328038 0.340826
0 0.775289 0.166692 0.130252 0.154587
1 0.125977 0.80746 0.155048 0.251465
1 0.911454 0.482006 0.176971 0.358277
1 0.968597 0.880291 0.0627485 0.239418
1 0.225313 0.92582 0.176493 0.144745
1 0.32795 0.609364 0.21517 0.274501
