1 0.184567 0.328606 0.237477 0.275696
1 0.898054 0.48478 0.200455 0.267247
1 0.631312 0.212111 0.204115 0.269198
1 0.928456 0.290083 0.142254 0.233406
1 0.336037 0.468877 0.22811 0.249127
2 0.687514 0.504823 0.377093 0.514485
0 0.375851 0.322389 0.110865 0.147945
1 0.366923 0.60715 0.178605 0.217965
1 0.459036 0.693472 0.2111 0.262635
1 0.805146 0.245398 0.232069 0.277851
1 0.074389 0.491342 0.148534 0.273201
1 0.474345 0.87031 0.191668 0.25423
1 0.810302 0.932774 0.169482 0.130583
1 0.491902 0.26629 0.150639 0.268925
