1 0.209789 0.835107 0.212612 0.255746
1 0.225863 0.616676 0.22054 0.271106
1 0.857077 0.163791 0.193704 0.2326
1 0.723047 0.346395 0.190082 0.259321
1 0.319365 0.426235 0.187984 0.254209
1 0.140257 0.43199 0.245807 0.31475
1 0.460004 0.254952 0.221161 0.284546
1 0.750966 0.599379 0.227419 0.351105
1 0.601363 0.228319 0.203718 0.255167
2 0.540099 0.751436 0.379321 0.497128
1 0.537069 0.448102 0.221897 0.257108
1 0.2281 0.0947596 0.221545 0.189519
1 0.921541 0.313877 0.156917 0.3224
1 0.718082 0.902383 0.189536 0.190003
1 0.109631 0.451472 0.186475 0.273823
