1 0.693478 0.488885 0.254237 0.300434
1 0.258587 0.476294 0.256845 0.287555
1 0.240451 0.215277 0.221684 0.279362
1 0.837717 0.70062 0.203998 0.247031
1 0.645581 0.324591 0.203319 0.25475
1 0.576773 0.820637 0.232006 0.258334
1 0.857135 0.336109 0.203731 0.264527
0 0.0707293 0.662688 0.103941 0.152145
0 0.142417 0.894884 0.148711 0.164915
1 0.590589 0.151501 0.179005 0.240327
1 0.404626 0.275308 0.199878 0.230446
1 0.593805 0.643826 0.184057 0.222243
1 0.473577 0.417633 0.182418 0.212845
0 0.165226 0.691153 0.133387 0.14327
1 0.279404 0.909408 0.18534 0.177952
