1 0.791014 0.388869 0.199424 0.276098
1 0.881931 0.705491 0.206939 0.28874
1 0.277803 0.347942 0.203012 0.261293
1 0.305868 0.699604 0.179689 0.253583
1 0.453531 0.322316 0.202097 0.257181
1 0.748886 0.841016 0.176324 0.256522
1 0.647244 0.245934 0.199183 0.295916
1 0.584902 0.897065 0.181965 0.201401
1 0.93048 0.347931 0.139041 0.268895
2 0.597136 0.567114 0.402827 0.547161
1 0.112094 0.428091 0.153013 0.249629
1 0.371583 0.501583 0.18971 0.250055
1 0.873779 0.910047 0.189616 0.173182
1 0.430658 0.753152 0.159614 0.321057
1 0.167299 0.911551 0.218727 0.172424
0 0.747502 0.12495 0.094627 0.114819
1 0.9667 0.563158 0.0665997 0.287075
1 0.140417 0.645876 0.20125 0.244607
1 0.176991 0.853551 0.200979 0.247682
