1 0.194877 0.699394 0.208481 0.304087
1 0.374714 0.583879 0.208505 0.284163
1 0.128411 0.197457 0.201091 0.27109
2 0.64851 0.540237 0.419324 0.562026
1 0.552034 0.794671 0.193682 0.251657
0 0.750357 0.574534 0.147331 0.187003
1 0.930078 0.661221 0.139845 0.274852
1 0.680609 0.131817 0.249119 0.263634
1 0.91887 0.473477 0.16226 0.308643
1 0.113632 0.426955 0.177222 0.266579
1 0.496067 0.250984 0.220929 0.265865
1 0.277506 0.108391 0.184401 0.216783
1 0.75214 0.315448 0.221108 0.236561
1 0.453185 0.100384 0.171145 0.199249
1 0.718639 0.834009 0.189829 0.197837
1 0.378986 0.883594 0.181044 0.179694
