1 0.754666 0.592411 0.189572 0.24743
1 0.215659 0.80163 0.173665 0.272338
1 0.647546 0.249837 0.220182 0.24884
1 0.478538 0.807481 0.194385 0.263404
1 0.810103 0.793899 0.177126 0.242331
1 0.940824 0.696733 0.118352 0.270412
2 0.313447 0.483959 0.338744 0.467519
1 0.66925 0.770691 0.18242 0.24667
0 0.230807 0.409361 0.138554 0.195751
1 0.952353 0.444613 0.0947296 0.241421
1 0.744254 0.915506 0.189972 0.165004
1 0.273195 0.20311 0.250191 0.244443
1 0.600521 0.443782 0.198128 0.240711
1 0.56752 0.607334 0.217611 0.293066
1 0.58612 0.907674 0.195429 0.18112
1 0.917728 0.245532 0.157137 0.236688
1 0.960021 0.888893 0.0796044 0.219826
1 0.822903 0.404223 0.161148 0.284684
