1 0.602732 0.59362 0.262107 0.30328
1 0.228925 0.369432 0.23838 0.304459
1 0.352827 0.850359 0.223077 0.282329
1 0.626773 0.866754 0.212927 0.254102
1 0.65046 0.230177 0.187313 0.250074
1 0.805367 0.541383 0.207087 0.290837
1 0.626131 0.419963 0.216167 0.245623
1 0.446008 0.689308 0.179806 0.226238
1 0.792222 0.139762 0.184755 0.234636
1 0.435184 0.413698 0.178142 0.218788
1 0.875781 0.16302 0.196551 0.245181
0 0.0576167 0.528064 0.115233 0.145202
1 0.438906 0.251258 0.201744 0.227573
1 0.865708 0.575543 0.151111 0.234498
0 0.0159926 0.453684 0.0317309 0.219461
2 0.0819739 0.587682 0.163948 0.566289
