1 0.0968701 0.66445 0.19374 0.269979
2 0.606078 0.412099 0.35352 0.483378
1 0.294299 0.490544 0.218806 0.254031
1 0.794334 0.909991 0.1576 0.176817
1 0.793127 0.313776 0.158835 0.259463
1 0.420183 0.611471 0.210285 0.280121
1 0.223768 0.711621 0.183694 0.274538
1 0.518078 0.123967 0.249137 0.247934
1 0.763924 0.609847 0.224909 0.288454
0 0.554264 0.471396 0.129176 0.168572
1 0.565678 0.748054 0.232552 0.30093
1 0.929861 0.177419 0.14013 0.250307
0 0.544439 0.318958 0.102597 0.179247
1 0.0977431 0.175502 0.19391 0.285086
