1 0.890776 0.258295 0.205427 0.290267
1 0.823911 0.586303 0.196941 0.275014
1 0.693643 0.767214 0.213567 0.302364
1 0.317013 0.733107 0.207456 0.260919
1 0.494002 0.72692 0.1982 0.259126
1 0.321998 0.378794 0.175565 0.259291
1 0.157526 0.144157 0.217657 0.267992
1 0.148288 0.693641 0.155676 0.244363
1 0.94756 0.600151 0.103801 0.283359
1 0.157213 0.463115 0.194881 0.24679
1 0.400852 0.560527 0.195377 0.243651
2 0.614316 0.442508 0.395049 0.552509
1 0.440553 0.295354 0.14754 0.321776
1 0.747255 0.14864 0.17713 0.240951
0 0.803805 0.854036 0.0975227 0.121142
1 0.314672 0.855242 0.167498 0.189885
1 0.57593 0.11548 0.176026 0.23096
0 0.505045 0.45761 0.124951 0.188076
1 0.976521 0.365064 0.0468739 0.295101
