1 0.386033 0.140237 0.216421 0.267934
1 0.231449 0.494292 0.202189 0.244736
1 0.265222 0.256423 0.218506 0.288727
1 0.744256 0.271042 0.189386 0.25675
1 0.882352 0.632478 0.19752 0.262624
1 0.426032 0.370109 0.214795 0.257405
1 0.322533 0.674156 0.166998 0.23254
1 0.107548 0.890117 0.153322 0.200277
1 0.842337 0.140003 0.207587 0.268717
1 0.251058 0.878835 0.163937 0.193727
1 0.835995 0.821454 0.186403 0.180465
1 0.910913 0.405572 0.17794 0.24229
1 0.829313 0.451321 0.1846 0.257481
2 0.60638 0.720719 0.332497 0.425989
0 0.536576 0.66839 0.131382 0.181222
1 0.125354 0.189228 0.169591 0.25499
1 0.980278 0.564479 0.0394355 0.332784
